0.0	0.046439909297052155	0.0231924
0.046439909297052155	0.09287981859410431	0.0345516
0.09287981859410431	0.13931972789115646	0.018715
0.13931972789115646	0.18575963718820862	0.0339218
0.18575963718820862	0.23219954648526078	0.0335521
0.23219954648526078	0.2786394557823129	0.032861
0.2786394557823129	0.3250793650793651	0.0225004
0.3250793650793651	0.37151927437641724	0.0354661
0.37151927437641724	0.4179591836734694	0.0266034
0.4179591836734694	0.46439909297052157	0.0348261
0.46439909297052157	0.5108390022675737	0.0262869
0.5108390022675737	0.5572789115646258	0.0218836
0.5572789115646258	0.603718820861678	0.0182717
0.603718820861678	0.6501587301587302	0.0264895
0.6501587301587302	0.6965986394557823	0.037195
0.6965986394557823	0.7430385487528345	0.0223216
0.7430385487528345	0.7894784580498866	0.0171761
0.7894784580498866	0.8359183673469388	0.0215096
0.8359183673469388	0.8823582766439909	0.0558911
0.8823582766439909	0.9287981859410431	0.0483269
0.9287981859410431	0.9752380952380952	0.0483926
0.9752380952380952	1.0216780045351475	0.0172011
1.0216780045351475	1.0681179138321995	0.0289389
1.0681179138321995	1.1145578231292517	0.0377963
1.1145578231292517	1.1609977324263039	0.0327108
1.1609977324263039	1.207437641723356	0.0233406
1.207437641723356	1.253877551020408	0.0306856
1.253877551020408	1.3003174603174603	0.0161245
1.3003174603174603	1.3467573696145125	0.0720611
1.3467573696145125	1.3931972789115645	0.0483839
1.3931972789115645	1.4396371882086167	0.0856477
1.4396371882086167	1.486077097505669	0.0270005
1.486077097505669	1.5325170068027212	0.0216294
1.5325170068027212	1.5789569160997732	0.0135344
1.5789569160997732	1.6253968253968254	0.0339963
1.6253968253968254	1.6718367346938776	0.0498184
1.6718367346938776	1.7182766439909296	0.0433705
1.7182766439909296	1.7647165532879818	0.0241568
1.7647165532879818	1.811156462585034	0.0250689
1.811156462585034	1.8575963718820863	0.0447089
1.8575963718820863	1.9040362811791383	0.0308792
1.9040362811791383	1.9504761904761905	0.0257565
1.9504761904761905	1.9969160997732427	0.0308348
1.9969160997732427	2.043356009070295	0.0377096
2.043356009070295	2.089795918367347	0.0539847
2.089795918367347	2.136235827664399	0.027687
2.136235827664399	2.182675736961451	0.0371709
2.182675736961451	2.2291156462585033	0.0360719
2.2291156462585033	2.2755555555555556	0.0307274
2.2755555555555556	2.3219954648526078	0.045778
2.3219954648526078	2.36843537414966	0.0132753
2.36843537414966	2.414875283446712	0.0363326
2.414875283446712	2.461315192743764	0.0306487
2.461315192743764	2.507755102040816	0.0320385
2.507755102040816	2.5541950113378684	0.0498966
2.5541950113378684	2.6006349206349206	0.0476842
2.6006349206349206	2.647074829931973	0.0321368
2.647074829931973	2.693514739229025	0.0322137
2.693514739229025	2.7399546485260773	0.0344923
2.7399546485260773	2.786394557823129	0.02556
2.786394557823129	2.8328344671201813	0.0136609
2.8328344671201813	2.8792743764172335	0.027657
2.8792743764172335	2.9257142857142857	0.0236947
2.9257142857142857	2.972154195011338	0.0480455
2.972154195011338	3.01859410430839	0.0273851
3.01859410430839	3.0650340136054424	0.0356369
3.0650340136054424	3.111473922902494	0.0381511
3.111473922902494	3.1579138321995464	0.0351482
3.1579138321995464	3.2043537414965986	0.0292309
3.2043537414965986	3.250793650793651	0.0321193
3.250793650793651	3.297233560090703	0.0537512
3.297233560090703	3.3436734693877552	0.0353406
3.3436734693877552	3.3901133786848074	0.0494295
3.3901133786848074	3.436553287981859	0.042039
3.436553287981859	3.4829931972789114	0.0699351
3.4829931972789114	3.5294331065759637	0.0622751
3.5294331065759637	3.575873015873016	0.0248994
3.575873015873016	3.622312925170068	0.00131778
3.622312925170068	3.6687528344671203	0.00154439
3.6687528344671203	3.7151927437641725	0.0138448
3.7151927437641725	3.7616326530612243	0.0242666
3.7616326530612243	3.8080725623582765	0.00120146
3.8080725623582765	3.8545124716553287	3.80514e-05
3.8545124716553287	3.900952380952381	0.000158516
3.900952380952381	3.947392290249433	0.000426231
3.947392290249433	3.9938321995464854	0.00260992
3.9938321995464854	4.040272108843538	0.0058687
4.040272108843538	4.08671201814059	0.00349439
4.08671201814059	4.133151927437642	0.0319863
4.133151927437642	4.179591836734694	0.003789
4.179591836734694	4.2260317460317465	0.000491229
4.2260317460317465	4.272471655328798	0.000632142
4.272471655328798	4.31891156462585	0.00569547
4.31891156462585	4.365351473922902	0.0150066
4.365351473922902	4.4117913832199545	0.0155421
4.4117913832199545	4.458231292517007	0.0397566
4.458231292517007	4.504671201814059	0.046858
4.504671201814059	4.551111111111111	0.0543702
4.551111111111111	4.597551020408163	0.027073
4.597551020408163	4.6439909297052155	0.0318354
4.6439909297052155	4.690430839002268	0.0319607
4.690430839002268	4.73687074829932	0.0352074
4.73687074829932	4.783310657596372	0.0439015
4.783310657596372	4.829750566893424	0.00563031
4.829750566893424	4.876190476190477	0.00224621
4.876190476190477	4.922630385487528	0.000378185
4.922630385487528	4.96907029478458	0.00212164
4.96907029478458	5.015510204081632	0.0027143
5.015510204081632	5.061950113378685	0.000495534
5.061950113378685	5.108390022675737	0.000950975
5.108390022675737	5.154829931972789	0.00255609
5.154829931972789	5.201269841269841	0.00177217
5.201269841269841	5.2477097505668935	0.00543991
5.2477097505668935	5.294149659863946	0.0339371
5.294149659863946	5.340589569160998	0.000631484
5.340589569160998	5.38702947845805	0.00104411
5.38702947845805	5.433469387755102	0.00312804
5.433469387755102	5.479909297052155	0.000344877
5.479909297052155	5.526349206349207	0.00199085
5.526349206349207	5.572789115646258	0.0108397
5.572789115646258	5.61922902494331	0.0451525
5.61922902494331	5.6656689342403626	0.0170177
5.6656689342403626	5.712108843537415	0.0342827
5.712108843537415	5.758548752834467	0.0440589
5.758548752834467	5.804988662131519	0.0424123
5.804988662131519	5.851428571428571	0.0517244
5.851428571428571	5.897868480725624	0.0722189
5.897868480725624	5.944308390022676	0.0246905
5.944308390022676	5.990748299319728	0.0309617
5.990748299319728	6.03718820861678	0.0390406
6.03718820861678	6.0836281179138325	0.0344795
6.0836281179138325	6.130068027210885	0.0153418
6.130068027210885	6.176507936507937	0.0296313
6.176507936507937	6.222947845804988	0.0390092
6.222947845804988	6.2693877551020405	0.0739252
6.2693877551020405	6.315827664399093	0.0766962
6.315827664399093	6.362267573696145	0.0482314
6.362267573696145	6.408707482993197	0.0275586
6.408707482993197	6.455147392290249	0.0303321
6.455147392290249	6.501587301587302	0.0837275
6.501587301587302	6.548027210884354	0.046836
6.548027210884354	6.594467120181406	0.0394691
6.594467120181406	6.640907029478458	0.0692144
6.640907029478458	6.6873469387755105	0.0592576
6.6873469387755105	6.733786848072563	0.0405677
6.733786848072563	6.780226757369615	0.0329159
6.780226757369615	6.826666666666667	0.031584
6.826666666666667	6.873106575963718	0.0194224
6.873106575963718	6.919546485260771	0.0390052
6.919546485260771	6.965986394557823	0.0296008
6.965986394557823	7.012426303854875	0.0303686
7.012426303854875	7.058866213151927	0.0321407
7.058866213151927	7.1053061224489795	0.0368898
7.1053061224489795	7.151746031746032	0.0590614
7.151746031746032	7.198185941043084	0.0671623
7.198185941043084	7.244625850340136	0.00296265
7.244625850340136	7.291065759637188	0.00601004
7.291065759637188	7.337505668934241	0.00140459
7.337505668934241	7.383945578231293	0.0550552
7.383945578231293	7.430385487528345	0.0648023
7.430385487528345	7.476825396825397	0.000598868
7.476825396825397	7.523265306122449	0.000630855
7.523265306122449	7.569705215419501	0.000846859
7.569705215419501	7.616145124716553	0.00041504
7.616145124716553	7.662585034013605	0.000614392
7.662585034013605	7.7090249433106575	0.000262437
7.7090249433106575	7.75546485260771	0.000229539
7.75546485260771	7.801904761904762	0.000954159
7.801904761904762	7.848344671201814	0.000916713
7.848344671201814	7.894784580498866	0.000983576
7.894784580498866	7.9412244897959186	0.000947705
7.9412244897959186	7.987664399092971	0.0104355
7.987664399092971	8.034104308390022	0.00183625
8.034104308390022	8.080544217687075	0.00516219
8.080544217687075	8.126984126984127	0.00049833
8.126984126984127	8.17342403628118	0.000197337
8.17342403628118	8.219863945578231	0.000282408
8.219863945578231	8.266303854875284	0.000150511
8.266303854875284	8.312743764172335	0.00111455
8.312743764172335	8.359183673469389	0.000543776
8.359183673469389	8.40562358276644	0.00135959
8.40562358276644	8.452063492063493	0.00205684
8.452063492063493	8.498503401360544	0.00189766
8.498503401360544	8.544943310657596	0.00125042
8.544943310657596	8.591383219954649	0.00242939
8.591383219954649	8.6378231292517	0.0211676
8.6378231292517	8.684263038548753	0.00149223
8.684263038548753	8.730702947845804	0.00120008
8.730702947845804	8.777142857142858	0.000897183
8.777142857142858	8.823582766439909	0.00502378
8.823582766439909	8.870022675736962	0.00577531
8.870022675736962	8.916462585034013	0.0182953
8.916462585034013	8.962902494331066	0.0350629
8.962902494331066	9.009342403628118	0.0226848
9.009342403628118	9.05578231292517	0.026286
9.05578231292517	9.102222222222222	0.0908765
9.102222222222222	9.148662131519274	0.0307776
9.148662131519274	9.195102040816327	0.0426969
9.195102040816327	9.241541950113378	0.0426922
9.241541950113378	9.287981859410431	0.0785498
9.287981859410431	9.334421768707482	0.0456543
9.334421768707482	9.380861678004536	0.0400033
9.380861678004536	9.427301587301587	0.0425602
9.427301587301587	9.47374149659864	0.0533115
9.47374149659864	9.520181405895691	0.0523111
9.520181405895691	9.566621315192744	0.0423771
9.566621315192744	9.613061224489796	0.0265646
9.613061224489796	9.659501133786849	0.0614995
9.659501133786849	9.7059410430839	0.0860852
9.7059410430839	9.752380952380953	0.0428139
9.752380952380953	9.798820861678005	0.0347745
9.798820861678005	9.845260770975056	0.0235876
9.845260770975056	9.891700680272109	0.0257011
9.891700680272109	9.93814058956916	0.0273362
9.93814058956916	9.984580498866213	0.0442932
9.984580498866213	10.031020408163265	0.0520074
10.031020408163265	10.077460317460318	0.0465966
10.077460317460318	10.12390022675737	0.0307843
10.12390022675737	10.170340136054422	0.0421659
10.170340136054422	10.216780045351474	0.0311824
10.216780045351474	10.263219954648527	0.0418243
10.263219954648527	10.309659863945578	0.0473418
10.309659863945578	10.356099773242631	0.045656
10.356099773242631	10.402539682539683	0.0304907
10.402539682539683	10.448979591836734	0.131595
10.448979591836734	10.495419501133787	0.0534573
10.495419501133787	10.541859410430838	0.0359943
10.541859410430838	10.588299319727891	0.0430612
10.588299319727891	10.634739229024943	0.0171464
10.634739229024943	10.681179138321996	0.0581182
10.681179138321996	10.727619047619047	0.0352389
10.727619047619047	10.7740589569161	0.0649833
10.7740589569161	10.820498866213152	0.0716787
10.820498866213152	10.866938775510205	0.0952653
10.866938775510205	10.913378684807256	0.0839981
10.913378684807256	10.95981859410431	0.0518186
10.95981859410431	11.00625850340136	0.00433011
11.00625850340136	11.052698412698414	0.0125693
11.052698412698414	11.099138321995465	0.00722383
11.099138321995465	11.145578231292516	0.0021122
11.145578231292516	11.19201814058957	7.12139e-05
11.19201814058957	11.23845804988662	1.35074e-05
11.23845804988662	11.284897959183674	1.14873e-05
11.284897959183674	11.331337868480725	7.23771e-05
11.331337868480725	11.377777777777778	0.00048301
11.377777777777778	11.42421768707483	0.0019127
11.42421768707483	11.470657596371883	0.00131694
11.470657596371883	11.517097505668934	0.00013754
11.517097505668934	11.563537414965987	0.00129543
11.563537414965987	11.609977324263038	0.0293672
11.609977324263038	11.656417233560092	0.0146976
11.656417233560092	11.702857142857143	0.000442677
11.702857142857143	11.749297052154194	0.000191302
11.749297052154194	11.795736961451247	0.00150206
11.795736961451247	11.842176870748299	0.0122372
11.842176870748299	11.888616780045352	0.0163044
11.888616780045352	11.935056689342403	0.0338953
11.935056689342403	11.981496598639456	0.000418162
11.981496598639456	12.027936507936507	0.000759875
12.027936507936507	12.07437641723356	0.000950604
12.07437641723356	12.120816326530612	0.0360431
12.120816326530612	12.167256235827665	0.00657399
12.167256235827665	12.213696145124716	0.00105847
12.213696145124716	12.26013605442177	0.0081016
12.26013605442177	12.30657596371882	0.00206942
12.30657596371882	12.353015873015874	0.003061
12.353015873015874	12.399455782312925	0.00620895
12.399455782312925	12.445895691609977	0.0168129
12.445895691609977	12.49233560090703	0.0239445
12.49233560090703	12.538775510204081	0.0291617
12.538775510204081	12.585215419501134	0.0351146
12.585215419501134	12.631655328798185	0.0132172
12.631655328798185	12.678095238095239	0.0160338
12.678095238095239	12.72453514739229	0.0194168
12.72453514739229	12.770975056689343	0.0225851
12.770975056689343	12.817414965986394	0.0459671
12.817414965986394	12.863854875283447	0.0366368
12.863854875283447	12.910294784580499	0.0325666
12.910294784580499	12.956734693877552	0.0386229
12.956734693877552	13.003174603174603	0.0474804
13.003174603174603	13.049614512471654	0.056162
13.049614512471654	13.096054421768708	0.036656
13.096054421768708	13.142494331065759	0.029344
13.142494331065759	13.188934240362812	0.0509941
13.188934240362812	13.235374149659863	0.0224059
13.235374149659863	13.281814058956916	0.0283944
13.281814058956916	13.328253968253968	0.0596839
13.328253968253968	13.374693877551021	0.035763
13.374693877551021	13.421133786848072	0.067464
13.421133786848072	13.467573696145125	0.043598
13.467573696145125	13.514013605442177	0.0443273
13.514013605442177	13.56045351473923	0.0226144
13.56045351473923	13.606893424036281	0.025775
13.606893424036281	13.653333333333334	0.0232963
13.653333333333334	13.699773242630386	0.0318689
13.699773242630386	13.746213151927437	0.027585
13.746213151927437	13.79265306122449	0.0686861
13.79265306122449	13.839092970521541	0.0340439
13.839092970521541	13.885532879818594	0.079357
13.885532879818594	13.931972789115646	0.038387
13.931972789115646	13.978412698412699	0.034017
13.978412698412699	14.02485260770975	0.0288027
14.02485260770975	14.071292517006803	0.0471031
14.071292517006803	14.117732426303855	0.0338948
14.117732426303855	14.164172335600908	0.0467102
14.164172335600908	14.210612244897959	0.015385
14.210612244897959	14.257052154195012	0.0519667
14.257052154195012	14.303492063492063	0.0100484
14.303492063492063	14.349931972789115	0.0402195
14.349931972789115	14.396371882086168	0.054706
14.396371882086168	14.44281179138322	0.0366252
14.44281179138322	14.489251700680272	0.0238818
14.489251700680272	14.535691609977324	0.0361162
14.535691609977324	14.582131519274377	0.0279092
14.582131519274377	14.628571428571428	0.0457308
14.628571428571428	14.675011337868481	0.0233204
14.675011337868481	14.721451247165533	0.0462847
14.721451247165533	14.767891156462586	0.0338859
14.767891156462586	14.814331065759637	0.0917305
14.814331065759637	14.86077097505669	0.0420337
14.86077097505669	14.907210884353741	0.0677011
14.907210884353741	14.953650793650795	0.0375083
14.953650793650795	15.000090702947846	0.0552118
15.000090702947846	15.046530612244897	0.0879061
15.046530612244897	15.09297052154195	0.041274
15.09297052154195	15.139410430839002	0.0394873
15.139410430839002	15.185850340136055	0.0377548
15.185850340136055	15.232290249433106	0.0344048
15.232290249433106	15.27873015873016	0.0382398
15.27873015873016	15.32517006802721	0.0333196
15.32517006802721	15.371609977324264	0.0203668
15.371609977324264	15.418049886621315	0.0786165
15.418049886621315	15.464489795918368	0.0420272
15.464489795918368	15.51092970521542	0.0221145
15.51092970521542	15.557369614512472	0.0221997
15.557369614512472	15.603809523809524	0.0693626
15.603809523809524	15.650249433106575	0.0397641
15.650249433106575	15.696689342403628	0.0195236
15.696689342403628	15.74312925170068	0.0620615
15.74312925170068	15.789569160997733	0.049859
15.789569160997733	15.836009070294784	0.0693025
15.836009070294784	15.882448979591837	0.0531188
15.882448979591837	15.928888888888888	0.0130145
15.928888888888888	15.975328798185942	0.0156233
15.975328798185942	16.021768707482995	0.037366
16.021768707482995	16.068208616780044	0.0122096
16.068208616780044	16.114648526077097	0.0446381
16.114648526077097	16.16108843537415	0.0168344
16.16108843537415	16.207528344671204	0.0143946
16.207528344671204	16.253968253968253	0.0104456
16.253968253968253	16.300408163265306	0.0330122
16.300408163265306	16.34684807256236	0.026564
16.34684807256236	16.39328798185941	0.0402359
16.39328798185941	16.439727891156462	0.0411286
16.439727891156462	16.486167800453515	0.0268038
16.486167800453515	16.532607709750568	0.0238831
16.532607709750568	16.579047619047618	0.0127557
16.579047619047618	16.62548752834467	0.0257095
16.62548752834467	16.671927437641724	0.00383387
16.671927437641724	16.718367346938777	0.00970103
16.718367346938777	16.764807256235827	0.0230316
16.764807256235827	16.81124716553288	0.0325423
16.81124716553288	16.857687074829933	0.0269306
16.857687074829933	16.904126984126986	0.0336412
16.904126984126986	16.950566893424035	0.0630699
16.950566893424035	16.99700680272109	0.045627
16.99700680272109	17.04344671201814	0.0343611
17.04344671201814	17.08988662131519	0.0332723
17.08988662131519	17.136326530612244	0.0132144
17.136326530612244	17.182766439909297	0.0429894
17.182766439909297	17.22920634920635	0.0542782
17.22920634920635	17.2756462585034	0.0425767
17.2756462585034	17.322086167800453	0.0289178
17.322086167800453	17.368526077097506	0.0601173
17.368526077097506	17.41496598639456	0.049484
17.41496598639456	17.46140589569161	0.0530512
17.46140589569161	17.507845804988662	0.0583726
17.507845804988662	17.554285714285715	0.0301185
17.554285714285715	17.600725623582765	0.0656127
17.600725623582765	17.647165532879818	0.0909842
17.647165532879818	17.69360544217687	0.0916316
17.69360544217687	17.740045351473924	0.102294
17.740045351473924	17.786485260770974	0.0594361
17.786485260770974	17.832925170068027	0.0322291
17.832925170068027	17.87936507936508	0.0620087
17.87936507936508	17.925804988662133	0.0519852
17.925804988662133	17.972244897959182	0.0262525
17.972244897959182	18.018684807256236	0.0211587
18.018684807256236	18.06512471655329	0.0179821
18.06512471655329	18.11156462585034	0.0206689
18.11156462585034	18.15800453514739	0.0170711
18.15800453514739	18.204444444444444	0.032625
18.204444444444444	18.250884353741498	0.0679098
18.250884353741498	18.297324263038547	0.0202684
18.297324263038547	18.3437641723356	0.0178235
18.3437641723356	18.390204081632653	0.0166736
18.390204081632653	18.436643990929706	0.0304411
18.436643990929706	18.483083900226756	0.0318743
18.483083900226756	18.52952380952381	0.015413
18.52952380952381	18.575963718820862	0.0411051
18.575963718820862	18.622403628117915	0.0354132
18.622403628117915	18.668843537414965	0.0371743
18.668843537414965	18.715283446712018	0.0580279
18.715283446712018	18.76172335600907	0.0414568
18.76172335600907	18.808163265306124	0.0437915
18.808163265306124	18.854603174603174	0.0373422
18.854603174603174	18.901043083900227	0.0254209
18.901043083900227	18.94748299319728	0.0476211
18.94748299319728	18.99392290249433	0.0407789
18.99392290249433	19.040362811791383	0.0554433
19.040362811791383	19.086802721088436	0.0327168
19.086802721088436	19.13324263038549	0.0454846
19.13324263038549	19.17968253968254	0.0216845
19.17968253968254	19.22612244897959	0.0489574
19.22612244897959	19.272562358276645	0.044634
19.272562358276645	19.319002267573698	0.0465697
19.319002267573698	19.365442176870747	0.0575932
19.365442176870747	19.4118820861678	0.017942
19.4118820861678	19.458321995464853	0.0625918
19.458321995464853	19.504761904761907	0.0386239
19.504761904761907	19.551201814058956	0.0211605
19.551201814058956	19.59764172335601	0.0225263
19.59764172335601	19.644081632653062	0.0404412
19.644081632653062	19.690521541950112	0.036781
19.690521541950112	19.736961451247165	0.0127178
19.736961451247165	19.783401360544218	0.0403999
19.783401360544218	19.82984126984127	0.0426983
19.82984126984127	19.87628117913832	0.0540447
19.87628117913832	19.922721088435374	0.0588557
19.922721088435374	19.969160997732427	0.0483402
19.969160997732427	20.01560090702948	0.0349707
20.01560090702948	20.06204081632653	0.0331652
20.06204081632653	20.108480725623583	0.0399843
20.108480725623583	20.154920634920636	0.0253416
20.154920634920636	20.201360544217685	0.035035
20.201360544217685	20.24780045351474	0.0166415
20.24780045351474	20.29424036281179	0.0610823
20.29424036281179	20.340680272108845	0.00839064
20.340680272108845	20.387120181405894	0.0159889
20.387120181405894	20.433560090702947	0.00925879
20.433560090702947	20.48	0.0332972
20.48	20.526439909297054	0.0192796
20.526439909297054	20.572879818594103	0.0141947
20.572879818594103	20.619319727891156	0.0320903
20.619319727891156	20.66575963718821	0.00851152
20.66575963718821	20.712199546485262	0.0239095
20.712199546485262	20.758639455782312	0.0157916
20.758639455782312	20.805079365079365	0.0197235
20.805079365079365	20.851519274376418	0.00701352
20.851519274376418	20.897959183673468	0.0139096
20.897959183673468	20.94439909297052	0.0213794
20.94439909297052	20.990839002267574	0.018121
20.990839002267574	21.037278911564627	0.00203932
21.037278911564627	21.083718820861677	0.000447948
21.083718820861677	21.13015873015873	0.000620655
21.13015873015873	21.176598639455783	0.000991714
21.176598639455783	21.223038548752836	0.0228147
21.223038548752836	21.269478458049885	0.000293443
21.269478458049885	21.31591836734694	0.000126005
21.31591836734694	21.36235827664399	5.6821e-05
21.36235827664399	21.408798185941045	0.000217186
21.408798185941045	21.455238095238094	0.000293018
21.455238095238094	21.501678004535147	0.000595306
21.501678004535147	21.5481179138322	0.000338405
21.5481179138322	21.59455782312925	0.000873877
21.59455782312925	21.640997732426303	0.000599015
21.640997732426303	21.687437641723356	0.000130246
21.687437641723356	21.73387755102041	0.000317835
21.73387755102041	21.78031746031746	0.00116507
21.78031746031746	21.826757369614512	0.000891402
21.826757369614512	21.873197278911565	0.000448452
21.873197278911565	21.91963718820862	0.00223881
21.91963718820862	21.966077097505668	0.00530569
21.966077097505668	22.01251700680272	0.00564726
22.01251700680272	22.058956916099774	0.00873167
22.058956916099774	22.105396825396827	0.0204502
22.105396825396827	22.151836734693877	0.0228061
22.151836734693877	22.19827664399093	0.0273741
22.19827664399093	22.244716553287983	0.034489
22.244716553287983	22.291156462585032	0.0137701
22.291156462585032	22.337596371882086	0.0329212
22.337596371882086	22.38403628117914	0.015479
22.38403628117914	22.430476190476192	0.0170017
22.430476190476192	22.47691609977324	0.0194367
22.47691609977324	22.523356009070294	0.0275138
22.523356009070294	22.569795918367348	0.0479948
22.569795918367348	22.6162358276644	0.0286055
22.6162358276644	22.66267573696145	0.0254279
22.66267573696145	22.709115646258503	0.0243617
22.709115646258503	22.755555555555556	0.0130902
22.755555555555556	22.801995464852606	0.0218223
22.801995464852606	22.84843537414966	0.016441
22.84843537414966	22.894875283446712	0.0296356
22.894875283446712	22.941315192743765	0.0157407
22.941315192743765	22.987755102040815	0.0173879
22.987755102040815	23.034195011337868	0.00088768
23.034195011337868	23.08063492063492	0.000521501
23.08063492063492	23.127074829931974	0.000570425
23.127074829931974	23.173514739229024	9.02571e-05
23.173514739229024	23.219954648526077	0.00201957
23.219954648526077	23.26639455782313	0.00179103
23.26639455782313	23.312834467120183	0.0186698
23.312834467120183	23.359274376417233	0.0120978
23.359274376417233	23.405714285714286	0.000304125
23.405714285714286	23.45215419501134	0.000621737
23.45215419501134	23.49859410430839	0.000181378
23.49859410430839	23.54503401360544	0.000193701
23.54503401360544	23.591473922902495	0.000262415
23.591473922902495	23.637913832199548	0.0265093
23.637913832199548	23.684353741496597	0.000453622
23.684353741496597	23.73079365079365	0.000139718
23.73079365079365	23.777233560090703	0.000742838
23.777233560090703	23.823673469387757	0.00207959
23.823673469387757	23.870113378684806	0.00274087
23.870113378684806	23.91655328798186	0.000216674
23.91655328798186	23.962993197278912	0.000423249
23.962993197278912	24.009433106575965	0.000460658
24.009433106575965	24.055873015873015	0.00846574
24.055873015873015	24.102312925170068	0.000718155
24.102312925170068	24.14875283446712	0.00363489
24.14875283446712	24.19519274376417	0.00307369
24.19519274376417	24.241632653061224	0.00397834
24.241632653061224	24.288072562358277	0.00515561
24.288072562358277	24.33451247165533	0.0104289
24.33451247165533	24.38095238095238	0.0309705
24.38095238095238	24.427392290249433	0.0283486
24.427392290249433	24.473832199546486	0.0413508
24.473832199546486	24.52027210884354	0.0389937
24.52027210884354	24.56671201814059	0.0312478
24.56671201814059	24.61315192743764	0.0316183
24.61315192743764	24.659591836734695	0.0294887
24.659591836734695	24.706031746031748	0.020308
24.706031746031748	24.752471655328797	0.0132366
24.752471655328797	24.79891156462585	0.0280223
24.79891156462585	24.845351473922904	0.0212106
24.845351473922904	24.891791383219953	0.0259279
24.891791383219953	24.938231292517006	0.0412535
24.938231292517006	24.98467120181406	0.0524526
24.98467120181406	25.031111111111112	0.0477064
25.031111111111112	25.077551020408162	0.0628019
25.077551020408162	25.123990929705215	0.0399453
25.123990929705215	25.170430839002268	0.0287067
25.170430839002268	25.21687074829932	0.0169089
25.21687074829932	25.26331065759637	0.021546
25.26331065759637	25.309750566893424	0.0250114
25.309750566893424	25.356190476190477	0.0442483
25.356190476190477	25.402630385487527	0.0260543
25.402630385487527	25.44907029478458	0.0340825
25.44907029478458	25.495510204081633	0.0286238
25.495510204081633	25.541950113378686	0.0217485
25.541950113378686	25.588390022675735	0.0176007
25.588390022675735	25.63482993197279	0.00131281
25.63482993197279	25.68126984126984	0.00116303
25.68126984126984	25.727709750566895	0.000966155
25.727709750566895	25.774149659863944	0.000209692
25.774149659863944	25.820589569160997	1.83479e-05
25.820589569160997	25.86702947845805	0.000333121
25.86702947845805	25.913469387755104	0.00148161
25.913469387755104	25.959909297052153	0.000796888
25.959909297052153	26.006349206349206	0.000577369
26.006349206349206	26.05278911564626	0.00486178
26.05278911564626	26.09922902494331	0.00599546
26.09922902494331	26.145668934240362	0.00265631
26.145668934240362	26.192108843537415	0.0143724
26.192108843537415	26.23854875283447	0.0712475
26.23854875283447	26.284988662131518	0.0450123
26.284988662131518	26.33142857142857	0.00450342
26.33142857142857	26.377868480725624	0.00153729
26.377868480725624	26.424308390022677	0.00239134
26.424308390022677	26.470748299319727	0.00321705
26.470748299319727	26.51718820861678	0.00586157
26.51718820861678	26.563628117913833	0.00835433
26.563628117913833	26.610068027210886	0.0169928
26.610068027210886	26.656507936507936	0.0195848
26.656507936507936	26.70294784580499	0.0162494
26.70294784580499	26.749387755102042	0.0589584
26.749387755102042	26.79582766439909	0.044087
26.79582766439909	26.842267573696144	0.0240478
26.842267573696144	26.888707482993198	0.0235099
26.888707482993198	26.93514739229025	0.0577461
26.93514739229025	26.9815873015873	0.0219904
26.9815873015873	27.028027210884353	0.0183776
27.028027210884353	27.074467120181406	0.0291444
27.074467120181406	27.12090702947846	0.102605
27.12090702947846	27.16734693877551	0.0180892
27.16734693877551	27.213786848072562	0.0237974
27.213786848072562	27.260226757369615	0.046611
27.260226757369615	27.30666666666667	0.170009
27.30666666666667	27.353106575963718	0.0591295
27.353106575963718	27.39954648526077	0.0219164
27.39954648526077	27.445986394557824	0.0356401
27.445986394557824	27.492426303854874	0.145538
27.492426303854874	27.538866213151927	0.0129033
27.538866213151927	27.58530612244898	0.0343979
27.58530612244898	27.631746031746033	0.0274695
27.631746031746033	27.678185941043083	0.230777
27.678185941043083	27.724625850340136	0.0153892
27.724625850340136	27.77106575963719	0.0309355
27.77106575963719	27.817505668934242	0.0388782
27.817505668934242	27.86394557823129	0.0672614
27.86394557823129	27.910385487528345	0.0158272
27.910385487528345	27.956825396825398	0.0563354
27.956825396825398	28.003265306122447	0.0676475
28.003265306122447	28.0497052154195	0.0761619
28.0497052154195	28.096145124716553	0.0275109
28.096145124716553	28.142585034013607	0.0211223
28.142585034013607	28.189024943310656	0.0311869
28.189024943310656	28.23546485260771	0.11088
28.23546485260771	28.281904761904762	0.0844532
28.281904761904762	28.328344671201815	0.0381659
28.328344671201815	28.374784580498865	0.0473657
28.374784580498865	28.421224489795918	0.0196879
28.421224489795918	28.46766439909297	0.0635474
28.46766439909297	28.514104308390024	0.0310244
28.514104308390024	28.560544217687074	0.0188139
28.560544217687074	28.606984126984127	0.0241325
28.606984126984127	28.65342403628118	0.0902472
28.65342403628118	28.69986394557823	0.0104269
28.69986394557823	28.746303854875283	0.015751
28.746303854875283	28.792743764172336	0.0985009
28.792743764172336	28.83918367346939	0.165748
28.83918367346939	28.88562358276644	0.00555462
28.88562358276644	28.93206349206349	0.0117914
28.93206349206349	28.978503401360545	0.0262098
28.978503401360545	29.024943310657598	0.211445
29.024943310657598	29.071383219954647	0.00950624
29.071383219954647	29.1178231292517	0.0111814
29.1178231292517	29.164263038548754	0.0366534
29.164263038548754	29.210702947845807	0.164616
29.210702947845807	29.257142857142856	0.00831029
29.257142857142856	29.30358276643991	0.0221486
29.30358276643991	29.350022675736962	0.0399714
29.350022675736962	29.396462585034012	0.152501
29.396462585034012	29.442902494331065	0.0155092
29.442902494331065	29.489342403628118	0.0379026
29.489342403628118	29.53578231292517	0.041587
29.53578231292517	29.58222222222222	0.0853018
29.58222222222222	29.628662131519274	0.0149161
29.628662131519274	29.675102040816327	0.0549413
29.675102040816327	29.72154195011338	0.030013
29.72154195011338	29.76798185941043	0.0259048
29.76798185941043	29.814421768707483	0.122426
29.814421768707483	29.860861678004536	0.0151707
29.860861678004536	29.90730158730159	0.0193802
29.90730158730159	29.95374149659864	0.120194
29.95374149659864	30.00018140589569	0.100011
30.00018140589569	30.046621315192745	0.0114338
30.046621315192745	30.093061224489794	0.017938
30.093061224489794	30.139501133786847	0.0274635
30.139501133786847	30.1859410430839	0.130103
30.1859410430839	30.232380952380954	0.0231283
30.232380952380954	30.278820861678003	0.0184116
30.278820861678003	30.325260770975056	0.0177641
30.325260770975056	30.37170068027211	0.157008
30.37170068027211	30.418140589569163	0.00392856
30.418140589569163	30.464580498866212	0.0171982
30.464580498866212	30.511020408163265	0.0419931
30.511020408163265	30.55746031746032	0.222185
30.55746031746032	30.603900226757368	0.0139975
30.603900226757368	30.65034013605442	0.0338235
30.65034013605442	30.696780045351474	0.0482968
30.696780045351474	30.743219954648527	0.220314
30.743219954648527	30.789659863945577	0.0271629
30.789659863945577	30.83609977324263	0.019643
30.83609977324263	30.882539682539683	0.0279918
30.882539682539683	30.928979591836736	0.0396259
30.928979591836736	30.975419501133786	0.0274238
30.975419501133786	31.02185941043084	0.0201382
31.02185941043084	31.068299319727892	0.0219574
31.068299319727892	31.114739229024945	0.0634784
31.114739229024945	31.161179138321994	0.016557
31.161179138321994	31.207619047619048	0.062006
31.207619047619048	31.2540589569161	0.0330229
31.2540589569161	31.30049886621315	0.0269015
31.30049886621315	31.346938775510203	0.0865614
31.346938775510203	31.393378684807256	0.0051331
31.393378684807256	31.43981859410431	0.00504279
31.43981859410431	31.48625850340136	0.028118
31.48625850340136	31.532698412698412	0.0763718
31.532698412698412	31.579138321995465	0.00548436
31.579138321995465	31.62557823129252	0.00840271
31.62557823129252	31.672018140589568	0.0688545
31.672018140589568	31.71845804988662	0.160948
31.71845804988662	31.764897959183674	0.00461553
31.764897959183674	31.811337868480727	0.0143537
31.811337868480727	31.857777777777777	0.0603912
31.857777777777777	31.90421768707483	0.116977
31.90421768707483	31.950657596371883	0.00456146
31.950657596371883	31.997097505668933	0.00424248
31.997097505668933	32.04353741496599	0.0291705
32.04353741496599	32.08997732426304	0.0510417
32.08997732426304	32.13641723356009	0.0724221
32.13641723356009	32.182857142857145	0.0145032
32.182857142857145	32.229297052154195	0.0271682
32.229297052154195	32.275736961451244	0.0339187
32.275736961451244	32.3221768707483	0.137882
32.3221768707483	32.36861678004535	0.01108
32.36861678004535	32.41505668934241	0.141456
32.41505668934241	32.46149659863946	0.049533
32.46149659863946	32.507936507936506	0.0153465
32.507936507936506	32.55437641723356	0.0616897
32.55437641723356	32.60081632653061	0.0160704
32.60081632653061	32.64725623582766	0.0132937
32.64725623582766	32.69369614512472	0.0284391
32.69369614512472	32.74013605442177	0.0768289
32.74013605442177	32.78657596371882	0.0060588
32.78657596371882	32.833015873015874	0.00806687
32.833015873015874	32.879455782312924	0.0608831
32.879455782312924	32.92589569160998	0.121164
32.92589569160998	32.97233560090703	0.00624097
32.97233560090703	33.01877551020408	0.0177632
33.01877551020408	33.065215419501136	0.0203376
33.065215419501136	33.111655328798186	0.131
33.111655328798186	33.158095238095235	0.005676
33.158095238095235	33.20453514739229	0.00724691
33.20453514739229	33.25097505668934	0.0425747
33.25097505668934	33.29741496598639	0.167958
33.29741496598639	33.34385487528345	0.00719344
33.34385487528345	33.3902947845805	0.0252722
33.3902947845805	33.436734693877554	0.0243591
33.436734693877554	33.483174603174604	0.161591
33.483174603174604	33.52961451247165	0.0229235
33.52961451247165	33.57605442176871	0.0375359
33.57605442176871	33.62249433106576	0.0306942
33.62249433106576	33.66893424036281	0.051786
33.66893424036281	33.715374149659866	0.0117537
33.715374149659866	33.761814058956915	0.0448905
33.761814058956915	33.80825396825397	0.0167343
33.80825396825397	33.85469387755102	0.0520986
33.85469387755102	33.90113378684807	0.0136082
33.90113378684807	33.94757369614513	0.0127812
33.94757369614513	33.99401360544218	0.0154166
33.99401360544218	34.04045351473923	0.0524739
34.04045351473923	34.08689342403628	0.124643
34.08689342403628	34.13333333333333	0.0145479
34.13333333333333	34.17977324263038	0.0236147
34.17977324263038	34.22621315192744	0.0511282
34.22621315192744	34.27265306122449	0.0996797
34.27265306122449	34.319092970521545	0.0129394
34.319092970521545	34.365532879818595	0.0169657
34.365532879818595	34.411972789115644	0.00427905
34.411972789115644	34.4584126984127	0.00560627
34.4584126984127	34.50485260770975	0.00466939
34.50485260770975	34.5512925170068	0.00803871
34.5512925170068	34.59773242630386	0.0162232
34.59773242630386	34.644172335600906	0.018652
34.644172335600906	34.690612244897956	0.0275169
34.690612244897956	34.73705215419501	0.00610618
34.73705215419501	34.78349206349206	0.00332508
34.78349206349206	34.82993197278912	0.00113451
34.82993197278912	34.87637188208617	0.000947411
34.87637188208617	34.92281179138322	0.000267868
34.92281179138322	34.969251700680275	0.000880537
34.969251700680275	35.015691609977324	0.000612093
35.015691609977324	35.062131519274374	0.00173849
35.062131519274374	35.10857142857143	0.00161919
35.10857142857143	35.15501133786848	0.0010016
35.15501133786848	35.20145124716553	0.000240786
35.20145124716553	35.247891156462586	0.000193603
35.247891156462586	35.294331065759636	0.000574726
35.294331065759636	35.34077097505669	0.000311499
35.34077097505669	35.38721088435374	0.000419989
35.38721088435374	35.43365079365079	0.00171813
35.43365079365079	35.48009070294785	0.00231147
35.48009070294785	35.5265306122449	0.00366469
35.5265306122449	35.57297052154195	0.000933133
35.57297052154195	35.619410430839004	0.00192628
35.619410430839004	35.66585034013605	0.00298867
35.66585034013605	35.71229024943311	0.00289344
35.71229024943311	35.75873015873016	0.00079195
35.75873015873016	35.80517006802721	0.00376678
35.80517006802721	35.851609977324266	0.00599494
35.851609977324266	35.898049886621315	0.00178237
35.898049886621315	35.944489795918365	0.0010947
35.944489795918365	35.99092970521542	0.00855322
35.99092970521542	36.03736961451247	0.00964786
36.03736961451247	36.08380952380952	0.00477159
36.08380952380952	36.13024943310658	0.00118956
36.13024943310658	36.17668934240363	0.00372948
36.17668934240363	36.22312925170068	0.00233263
36.22312925170068	36.26956916099773	0.00233981
36.26956916099773	36.31600907029478	0.00153072
36.31600907029478	36.36244897959184	0.000367905
36.36244897959184	36.40888888888889	0.000596295
36.40888888888889	36.45532879818594	0.00291674
36.45532879818594	36.501768707482995	0.00132333
36.501768707482995	36.548208616780045	0.00133053
36.548208616780045	36.594648526077094	0.0017512
36.594648526077094	36.64108843537415	0.00422582
36.64108843537415	36.6875283446712	0.00210055
36.6875283446712	36.73396825396826	0.00114954
36.73396825396826	36.78040816326531	0.00453025
36.78040816326531	36.826848072562356	0.00129652
36.826848072562356	36.87328798185941	0.00147362
36.87328798185941	36.91972789115646	0.00166366
36.91972789115646	36.96616780045351	0.00057999
36.96616780045351	37.01260770975057	0.00121509
37.01260770975057	37.05904761904762	0.00123289
37.05904761904762	37.10548752834467	0.00230256
37.10548752834467	37.151927437641724	0.00352086
37.151927437641724	37.198367346938774	0.0011895
37.198367346938774	37.24480725623583	0.00165598
37.24480725623583	37.29124716553288	0.00288672
37.29124716553288	37.33768707482993	0.0010084
37.33768707482993	37.384126984126986	0.001506
37.384126984126986	37.430566893424036	0.00152681
37.430566893424036	37.477006802721085	0.00189809
37.477006802721085	37.52344671201814	0.000818702
37.52344671201814	37.56988662131519	0.0005968
37.56988662131519	37.61632653061225	0.00219274
37.61632653061225	37.6627664399093	0.00238207
37.6627664399093	37.70920634920635	0.0013826
37.70920634920635	37.755646258503404	0.00205825
37.755646258503404	37.802086167800454	0.00172323
37.802086167800454	37.8485260770975	0.000876
37.8485260770975	37.89496598639456	0.00122713
37.89496598639456	37.94140589569161	0.00142685
37.94140589569161	37.98784580498866	0.00237702
37.98784580498866	38.034285714285716	0.00345236
38.034285714285716	38.080725623582765	0.00174925
38.080725623582765	38.12716553287982	0.00142424
38.12716553287982	38.17360544217687	0.00213536
38.17360544217687	38.22004535147392	0.00328327
38.22004535147392	38.26648526077098	0.00255856
38.26648526077098	38.31292517006803	0.00233759
38.31292517006803	38.35936507936508	0.00105561
38.35936507936508	38.40580498866213	0.00258022
38.40580498866213	38.45224489795918	0.00708935
38.45224489795918	38.49868480725623	0.0155947
38.49868480725623	38.54512471655329	0.00582083
38.54512471655329	38.59156462585034	0.00252305
38.59156462585034	38.638004535147395	0.00142883
38.638004535147395	38.684444444444445	0.00188645
38.684444444444445	38.730884353741494	0.00150295
38.730884353741494	38.77732426303855	0.0117147
38.77732426303855	38.8237641723356	0.00507672
38.8237641723356	38.87020408163265	0.00924695
38.87020408163265	38.91664399092971	0.00949792
38.91664399092971	38.963083900226756	0.00146276
38.963083900226756	39.00952380952381	0.000648151
39.00952380952381	39.05596371882086	0.00193323
39.05596371882086	39.10240362811791	0.000853991
39.10240362811791	39.14884353741497	0.000974574
39.14884353741497	39.19528344671202	0.00320829
39.19528344671202	39.24172335600907	0.00251157
39.24172335600907	39.288163265306125	0.00188312
39.288163265306125	39.334603174603174	0.00100966
39.334603174603174	39.381043083900224	0.00178552
39.381043083900224	39.42748299319728	0.00186796
39.42748299319728	39.47392290249433	0.00354393
39.47392290249433	39.52036281179139	0.00289915
39.52036281179139	39.566802721088436	0.00329048
39.566802721088436	39.613242630385486	0.00242399
39.613242630385486	39.65968253968254	0.00266915
39.65968253968254	39.70612244897959	0.00104598
39.70612244897959	39.75256235827664	0.00123951
39.75256235827664	39.7990022675737	0.00117362
39.7990022675737	39.84544217687075	0.00110111
39.84544217687075	39.8918820861678	0.00121859
39.8918820861678	39.938321995464854	0.00531891
39.938321995464854	39.9847619047619	0.00107856
39.9847619047619	40.03120181405896	0.000158121
40.03120181405896	40.07764172335601	0.000530015
40.07764172335601	40.12408163265306	0.000937091
40.12408163265306	40.170521541950116	0.00108598
40.170521541950116	40.216961451247165	0.000733677
40.216961451247165	40.263401360544215	0.00282029
40.263401360544215	40.30984126984127	0.00622286
40.30984126984127	40.35628117913832	0.00611634
40.35628117913832	40.40272108843537	0.00966357
40.40272108843537	40.44916099773243	0.0075042
40.44916099773243	40.49560090702948	0.00851269
40.49560090702948	40.542040816326534	0.0100478
40.542040816326534	40.58848072562358	0.00924216
40.58848072562358	40.63492063492063	0.0051588
40.63492063492063	40.68136054421769	0.00856935
40.68136054421769	40.72780045351474	0.0209944
40.72780045351474	40.77424036281179	0.0112145
40.77424036281179	40.820680272108845	0.00534952
40.820680272108845	40.867120181405895	0.00498881
40.867120181405895	40.91356009070295	0.00510305
40.91356009070295	40.96	0.00405144
40.96	41.00643990929705	0.00311167
41.00643990929705	41.05287981859411	0.00340416
41.05287981859411	41.09931972789116	0.00462489
41.09931972789116	41.145759637188206	0.0091921
41.145759637188206	41.19219954648526	0.00655062
41.19219954648526	41.23863945578231	0.0117078
41.23863945578231	41.28507936507936	0.00916816
41.28507936507936	41.33151927437642	0.00704143
41.33151927437642	41.37795918367347	0.00261514
41.37795918367347	41.424399092970525	0.00203733
41.424399092970525	41.470839002267574	0.00187042
41.470839002267574	41.517278911564624	0.000376764
41.517278911564624	41.56371882086168	0.000229766
41.56371882086168	41.61015873015873	0.000562723
41.61015873015873	41.65659863945578	0.000874018
41.65659863945578	41.703038548752836	0.00243324
41.703038548752836	41.749478458049886	0.00173906
41.749478458049886	41.795918367346935	0.00255297
41.795918367346935	41.84235827664399	0.00491639
41.84235827664399	41.88879818594104	0.00195424
41.88879818594104	41.9352380952381	0.00335329
41.9352380952381	41.98167800453515	0.00715413
41.98167800453515	42.0281179138322	0.00663378
42.0281179138322	42.074557823129254	0.00211135
42.074557823129254	42.120997732426304	0.00993114
42.120997732426304	42.16743764172335	0.0123227
42.16743764172335	42.21387755102041	0.00215845
42.21387755102041	42.26031746031746	0.00223682
42.26031746031746	42.30675736961451	0.00319699
42.30675736961451	42.353197278911566	0.00149439
42.353197278911566	42.399637188208615	0.00183132
42.399637188208615	42.44607709750567	0.00141139
42.44607709750567	42.49251700680272	0.00158544
42.49251700680272	42.53895691609977	0.0010139
42.53895691609977	42.58539682539683	0.0043833
42.58539682539683	42.63183673469388	0.00225016
42.63183673469388	42.67827664399093	0.00320041
42.67827664399093	42.72471655328798	0.00670115
42.72471655328798	42.77115646258503	0.00860772
42.77115646258503	42.81759637188209	0.00976808
42.81759637188209	42.86403628117914	0.0114395
42.86403628117914	42.91047619047619	0.00548306
42.91047619047619	42.956916099773245	0.0056109
42.956916099773245	43.003356009070295	0.00532038
43.003356009070295	43.049795918367344	0.00580752
43.049795918367344	43.0962358276644	0.0100549
43.0962358276644	43.14267573696145	0.0122098
43.14267573696145	43.1891156462585	0.0449696
43.1891156462585	43.23555555555556	0.0191241
43.23555555555556	43.281995464852606	0.0228541
43.281995464852606	43.32843537414966	0.0190879
43.32843537414966	43.37487528344671	0.0144104
43.37487528344671	43.42131519274376	0.00956769
43.42131519274376	43.46775510204082	0.00766379
43.46775510204082	43.51419501133787	0.00773491
43.51419501133787	43.56063492063492	0.00918426
43.56063492063492	43.607074829931975	0.0173048
43.607074829931975	43.653514739229024	0.0178178
43.653514739229024	43.699954648526074	0.0179912
43.699954648526074	43.74639455782313	0.0143301
43.74639455782313	43.79283446712018	0.00395538
43.79283446712018	43.83927437641724	0.0041815
43.83927437641724	43.885714285714286	0.00923608
43.885714285714286	43.932154195011336	0.0556166
43.932154195011336	43.97859410430839	0.0561058
43.97859410430839	44.02503401360544	0.0240997
44.02503401360544	44.07147392290249	0.000711444
44.07147392290249	44.11791383219955	0.000867972
44.11791383219955	44.1643537414966	0.00292659
44.1643537414966	44.210793650793654	0.00127437
44.210793650793654	44.257233560090704	0.00652072
44.257233560090704	44.30367346938775	0.00915433
44.30367346938775	44.35011337868481	0.00305577
44.35011337868481	44.39655328798186	0.0057945
44.39655328798186	44.44299319727891	0.00852991
44.44299319727891	44.489433106575966	0.002724
44.489433106575966	44.535873015873015	0.00252101
44.535873015873015	44.582312925170065	0.00111859
44.582312925170065	44.62875283446712	0.00129197
44.62875283446712	44.67519274376417	0.000944782
44.67519274376417	44.72163265306123	0.00119259
44.72163265306123	44.76807256235828	0.00277693
44.76807256235828	44.81451247165533	0.00203242
44.81451247165533	44.860952380952384	0.00120699
44.860952380952384	44.90739229024943	0.000810115
44.90739229024943	44.95383219954648	0.00132436
44.95383219954648	45.00027210884354	0.00131603
45.00027210884354	45.04671201814059	0.00245718
45.04671201814059	45.09315192743764	0.00128034
45.09315192743764	45.139591836734695	0.00156975
45.139591836734695	45.186031746031745	0.00122289
45.186031746031745	45.2324716553288	0.00211525
45.2324716553288	45.27891156462585	0.00304541
45.27891156462585	45.3253514739229	0.00149279
45.3253514739229	45.37179138321996	0.00252862
45.37179138321996	45.41823129251701	0.0034753
45.41823129251701	45.464671201814056	0.00267318
45.464671201814056	45.51111111111111	0.0023147
45.51111111111111	45.55755102040816	0.00303357
45.55755102040816	45.60399092970521	0.00290155
45.60399092970521	45.65043083900227	0.00306798
45.65043083900227	45.69687074829932	0.00804952
45.69687074829932	45.743310657596375	0.00234988
45.743310657596375	45.789750566893424	0.00211561
45.789750566893424	45.836190476190474	0.00161673
45.836190476190474	45.88263038548753	0.00275376
45.88263038548753	45.92907029478458	0.00513617
45.92907029478458	45.97551020408163	0.0069258
45.97551020408163	46.021950113378686	0.00172355
46.021950113378686	46.068390022675736	0.00106369
46.068390022675736	46.11482993197279	0.00261123
46.11482993197279	46.16126984126984	0.00357066
46.16126984126984	46.20770975056689	0.00355009
46.20770975056689	46.25414965986395	0.00394309
46.25414965986395	46.300589569161	0.00292858
46.300589569161	46.34702947845805	0.000812975
46.34702947845805	46.393469387755104	0.000825675
46.393469387755104	46.439909297052154	0.00280839
46.439909297052154	46.4863492063492	0.00476032
46.4863492063492	46.53278911564626	0.00194788
46.53278911564626	46.57922902494331	0.000787566
46.57922902494331	46.625668934240366	0.00118919
46.625668934240366	46.672108843537416	0.00116256
46.672108843537416	46.718548752834465	0.00119133
46.718548752834465	46.76498866213152	0.000908686
46.76498866213152	46.81142857142857	0.00108377
46.81142857142857	46.85786848072562	0.00132691
46.85786848072562	46.90430839002268	0.000891324
46.90430839002268	46.95074829931973	0.00149066
46.95074829931973	46.99718820861678	0.000686656
46.99718820861678	47.04362811791383	0.00187535
47.04362811791383	47.09006802721088	0.00128062
47.09006802721088	47.13650793650794	0.00172953
47.13650793650794	47.18294784580499	0.00111187
47.18294784580499	47.22938775510204	0.00111121
47.22938775510204	47.275827664399095	0.00258524
47.275827664399095	47.322267573696145	0.00423205
47.322267573696145	47.368707482993194	0.00317354
47.368707482993194	47.41514739229025	0.00656775
47.41514739229025	47.4615873015873	0.00861919
47.4615873015873	47.50802721088435	0.00223472
47.50802721088435	47.55446712018141	0.004058
47.55446712018141	47.600907029478456	0.00481458
47.600907029478456	47.64734693877551	0.0129985
47.64734693877551	47.69378684807256	0.0083368
47.69378684807256	47.74022675736961	0.0169697
47.74022675736961	47.78666666666667	0.003298
47.78666666666667	47.83310657596372	0.00253922
47.83310657596372	47.87954648526077	0.00225809
47.87954648526077	47.925986394557825	0.00633212
47.925986394557825	47.972426303854874	0.0024346
47.972426303854874	48.01886621315193	0.00294017
48.01886621315193	48.06530612244898	0.00210748
48.06530612244898	48.11174603174603	0.00219038
48.11174603174603	48.15818594104309	0.00406257
48.15818594104309	48.204625850340136	0.00668238
48.204625850340136	48.251065759637186	0.00158196
48.251065759637186	48.29750566893424	0.00184332
48.29750566893424	48.34394557823129	0.00152019
48.34394557823129	48.39038548752834	0.00137575
48.39038548752834	48.4368253968254	0.0014819
48.4368253968254	48.48326530612245	0.00202237
48.48326530612245	48.529705215419504	0.00257795
48.529705215419504	48.576145124716554	0.0027419
48.576145124716554	48.6225850340136	0.00440793
48.6225850340136	48.66902494331066	0.00378106
48.66902494331066	48.71546485260771	0.0048036
48.71546485260771	48.76190476190476	0.00517177
48.76190476190476	48.808344671201816	0.00083556
48.808344671201816	48.854784580498865	0.00140859
48.854784580498865	48.901224489795915	0.05073
48.901224489795915	48.94766439909297	0.0319582
48.94766439909297	48.99410430839002	0.051031
48.99410430839002	49.04054421768708	0.059237
49.04054421768708	49.08698412698413	0.0313693
49.08698412698413	49.13342403628118	0.0458301
49.13342403628118	49.179863945578234	0.0762274
49.179863945578234	49.22630385487528	0.0377446
49.22630385487528	49.27274376417233	0.0537988
49.27274376417233	49.31918367346939	0.0580758
49.31918367346939	49.36562358276644	0.0152626
49.36562358276644	49.412063492063496	0.0265577
49.412063492063496	49.458503401360545	0.0386024
49.458503401360545	49.504943310657595	0.0343309
49.504943310657595	49.55138321995465	0.0667533
49.55138321995465	49.5978231292517	0.026839
49.5978231292517	49.64426303854875	0.0408994
49.64426303854875	49.69070294784581	0.0324985
49.69070294784581	49.73714285714286	0.0338298
49.73714285714286	49.783582766439906	0.0536186
49.783582766439906	49.83002267573696	0.0602188
49.83002267573696	49.87646258503401	0.0548877
49.87646258503401	49.92290249433107	0.0272991
49.92290249433107	49.96934240362812	0.0339989
49.96934240362812	50.01578231292517	0.00399985
50.01578231292517	50.062222222222225	0.00860873
50.062222222222225	50.108662131519274	0.0335682
50.108662131519274	50.155102040816324	0.0254905
50.155102040816324	50.20154195011338	0.0441411
50.20154195011338	50.24798185941043	0.0281599
50.24798185941043	50.29442176870748	0.0263609
50.29442176870748	50.340861678004536	0.0385838
50.340861678004536	50.387301587301586	0.0452264
50.387301587301586	50.43374149659864	0.0800646
50.43374149659864	50.48018140589569	0.0797214
50.48018140589569	50.52662131519274	0.0590319
50.52662131519274	50.5730612244898	0.0722215
50.5730612244898	50.61950113378685	0.0713146
50.61950113378685	50.6659410430839	0.079873
50.6659410430839	50.712380952380954	0.0900587
50.712380952380954	50.758820861678004	0.0591263
50.758820861678004	50.80526077097505	0.0351589
50.80526077097505	50.85170068027211	0.0575236
50.85170068027211	50.89814058956916	0.0831852
50.89814058956916	50.944580498866216	0.0995711
50.944580498866216	50.991020408163266	0.0624361
50.991020408163266	51.037460317460315	0.0576715
51.037460317460315	51.08390022675737	0.039563
51.08390022675737	51.13034013605442	0.0777623
51.13034013605442	51.17678004535147	0.072454
51.17678004535147	51.22321995464853	0.0250896
51.22321995464853	51.26965986394558	0.0174332
51.26965986394558	51.316099773242634	0.0322774
51.316099773242634	51.36253968253968	0.0564175
51.36253968253968	51.40897959183673	0.0561114
51.40897959183673	51.45541950113379	0.0213762
51.45541950113379	51.50185941043084	0.0657203
51.50185941043084	51.54829931972789	0.05776
51.54829931972789	51.594739229024945	0.0339623
51.594739229024945	51.641179138321995	0.0366496
51.641179138321995	51.687619047619044	0.0350963
51.687619047619044	51.7340589569161	0.0104184
51.7340589569161	51.78049886621315	0.0382003
51.78049886621315	51.82693877551021	0.0379843
51.82693877551021	51.87337868480726	0.0374654
51.87337868480726	51.919818594104306	0.0670905
51.919818594104306	51.96625850340136	0.0441715
51.96625850340136	52.01269841269841	0.0489182
52.01269841269841	52.05913832199546	0.0294842
52.05913832199546	52.10557823129252	0.0421088
52.10557823129252	52.15201814058957	0.0715214
52.15201814058957	52.19845804988662	0.0477065
52.19845804988662	52.244897959183675	0.0256538
52.244897959183675	52.291337868480724	0.0538899
52.291337868480724	52.33777777777778	0.0625564
52.33777777777778	52.38421768707483	0.0664852
52.38421768707483	52.43065759637188	0.0452956
52.43065759637188	52.47709750566894	0.0369298
52.47709750566894	52.523537414965986	0.0342025
52.523537414965986	52.569977324263036	0.0916549
52.569977324263036	52.61641723356009	0.050087
52.61641723356009	52.66285714285714	0.0498685
52.66285714285714	52.70929705215419	0.0139481
52.70929705215419	52.75573696145125	0.0147778
52.75573696145125	52.8021768707483	0.0179544
52.8021768707483	52.848616780045354	0.00913336
52.848616780045354	52.895056689342404	0.0281334
52.895056689342404	52.94149659863945	0.0168738
52.94149659863945	52.98793650793651	0.020903
52.98793650793651	53.03437641723356	0.036868
53.03437641723356	53.08081632653061	0.0294344
53.08081632653061	53.127256235827666	0.0325509
53.127256235827666	53.173696145124715	0.0475955
53.173696145124715	53.22013605442177	0.0357984
53.22013605442177	53.26657596371882	0.0411977
53.26657596371882	53.31301587301587	0.0614051
53.31301587301587	53.35945578231293	0.0288695
53.35945578231293	53.40589569160998	0.0407402
53.40589569160998	53.45233560090703	0.0372708
53.45233560090703	53.498775510204084	0.0636251
53.498775510204084	53.54521541950113	0.0351164
53.54521541950113	53.59165532879818	0.0361832
53.59165532879818	53.63809523809524	0.0487808
53.63809523809524	53.68453514739229	0.0341083
53.68453514739229	53.730975056689346	0.0375978
53.730975056689346	53.777414965986395	0.0077642
53.777414965986395	53.823854875283445	0.018426
53.823854875283445	53.8702947845805	0.0208449
53.8702947845805	53.91673469387755	0.00477726
53.91673469387755	53.9631746031746	0.023369
53.9631746031746	54.00961451247166	0.05456
54.00961451247166	54.05605442176871	0.0106574
54.05605442176871	54.102494331065756	0.0395621
54.102494331065756	54.14893424036281	0.0359629
54.14893424036281	54.19537414965986	0.0426191
54.19537414965986	54.24181405895692	0.0401911
54.24181405895692	54.28825396825397	0.0626412
54.28825396825397	54.33469387755102	0.0251834
54.33469387755102	54.381133786848075	0.0450478
54.381133786848075	54.427573696145124	0.0447917
54.427573696145124	54.474013605442174	0.0461184
54.474013605442174	54.52045351473923	0.0390976
54.52045351473923	54.56689342403628	0.0564328
54.56689342403628	54.61333333333334	0.0604984
54.61333333333334	54.659773242630386	0.0336302
54.659773242630386	54.706213151927436	0.042714
54.706213151927436	54.75265306122449	0.0348283
54.75265306122449	54.79909297052154	0.0235696
54.79909297052154	54.84553287981859	0.020342
54.84553287981859	54.89197278911565	0.0126204
54.89197278911565	54.9384126984127	0.0345273
54.9384126984127	54.98485260770975	0.0309515
54.98485260770975	55.031292517006804	0.0297515
55.031292517006804	55.077732426303854	0.0535575
55.077732426303854	55.12417233560091	0.0225251
55.12417233560091	55.17061224489796	0.0270677
55.17061224489796	55.21705215419501	0.0379338
55.21705215419501	55.263492063492066	0.0343838
55.263492063492066	55.309931972789116	0.0350605
55.309931972789116	55.356371882086165	0.0510668
55.356371882086165	55.40281179138322	0.0318974
55.40281179138322	55.44925170068027	0.0419357
55.44925170068027	55.49569160997732	0.038631
55.49569160997732	55.54213151927438	0.0382261
55.54213151927438	55.58857142857143	0.0425347
55.58857142857143	55.635011337868484	0.0350062
55.635011337868484	55.68145124716553	0.0116821
55.68145124716553	55.72789115646258	0.0297682
55.72789115646258	55.77433106575964	0.0416942
55.77433106575964	55.82077097505669	0.0732795
55.82077097505669	55.86721088435374	0.03893
55.86721088435374	55.913650793650795	0.0452924
55.913650793650795	55.960090702947845	0.0979437
55.960090702947845	56.006530612244894	0.0564375
56.006530612244894	56.05297052154195	0.050117
56.05297052154195	56.099410430839	0.0674553
56.099410430839	56.14585034013606	0.0393748
56.14585034013606	56.19229024943311	0.051209
56.19229024943311	56.23873015873016	0.0172836
56.23873015873016	56.28517006802721	0.0337224
56.28517006802721	56.33160997732426	0.0295721
56.33160997732426	56.37804988662131	0.0375181
56.37804988662131	56.42448979591837	0.0408452
56.42448979591837	56.47092970521542	0.0700733
56.47092970521542	56.517369614512475	0.0188451
56.517369614512475	56.563809523809525	0.0323204
56.563809523809525	56.610249433106574	0.0326229
56.610249433106574	56.65668934240363	0.0435798
56.65668934240363	56.70312925170068	0.0371797
56.70312925170068	56.74956916099773	0.0201484
56.74956916099773	56.79600907029479	0.0199586
56.79600907029479	56.842448979591836	0.0322125
56.842448979591836	56.888888888888886	0.0363626
56.888888888888886	56.93532879818594	0.030034
56.93532879818594	56.98176870748299	0.017747
56.98176870748299	57.02820861678005	0.0308904
57.02820861678005	57.0746485260771	0.0519524
57.0746485260771	57.12108843537415	0.0378072
57.12108843537415	57.167528344671204	0.0581909
57.167528344671204	57.213968253968254	0.0462309
57.213968253968254	57.2604081632653	0.0106759
57.2604081632653	57.30684807256236	0.0166015
57.30684807256236	57.35328798185941	0.0537682
57.35328798185941	57.39972789115646	0.0399799
57.39972789115646	57.446167800453516	0.0430151
57.446167800453516	57.492607709750565	0.019109
57.492607709750565	57.53904761904762	0.0243848
57.53904761904762	57.58548752834467	0.0342951
57.58548752834467	57.63192743764172	0.0650637
57.63192743764172	57.67836734693878	0.0583823
57.67836734693878	57.72480725623583	0.0211117
57.72480725623583	57.77124716553288	0.0392494
57.77124716553288	57.817687074829934	0.0470214
57.817687074829934	57.86412698412698	0.0424713
57.86412698412698	57.91056689342403	0.0367583
57.91056689342403	57.95700680272109	0.0191189
57.95700680272109	58.00344671201814	0.0412772
58.00344671201814	58.049886621315196	0.0511843
58.049886621315196	58.096326530612245	0.0759176
58.096326530612245	58.142766439909295	0.0513923
58.142766439909295	58.18920634920635	0.0731567
58.18920634920635	58.2356462585034	0.0529927
58.2356462585034	58.28208616780045	0.0420525
58.28208616780045	58.32852607709751	0.0874462
58.32852607709751	58.37496598639456	0.0765278
58.37496598639456	58.42140589569161	0.043259
58.42140589569161	58.46784580498866	0.0309886
58.46784580498866	58.51428571428571	0.0442252
58.51428571428571	58.56072562358277	0.0595146
58.56072562358277	58.60716553287982	0.0335412
58.60716553287982	58.65360544217687	0.0501394
58.65360544217687	58.700045351473925	0.0409414
58.700045351473925	58.746485260770974	0.0324202
58.746485260770974	58.792925170068024	0.0620997
58.792925170068024	58.83936507936508	0.0425836
58.83936507936508	58.88580498866213	0.0348218
58.88580498866213	58.93224489795919	0.0238894
58.93224489795919	58.978684807256236	0.0525657
58.978684807256236	59.025124716553286	0.0572159
59.025124716553286	59.07156462585034	0.0452484
59.07156462585034	59.11800453514739	0.0402317
59.11800453514739	59.16444444444444	0.0400228
59.16444444444444	59.2108843537415	0.025674
59.2108843537415	59.25732426303855	0.0387345
59.25732426303855	59.3037641723356	0.0635787
59.3037641723356	59.350204081632654	0.0324879
59.350204081632654	59.396643990929704	0.0265359
59.396643990929704	59.44308390022676	0.0333519
59.44308390022676	59.48952380952381	0.0464763
59.48952380952381	59.53596371882086	0.031798
59.53596371882086	59.582403628117916	0.0513502
59.582403628117916	59.628843537414966	0.0753284
59.628843537414966	59.675283446712015	0.0358063
59.675283446712015	59.72172335600907	0.045691
59.72172335600907	59.76816326530612	0.0589374
59.76816326530612	59.81460317460318	0.0635994
59.81460317460318	59.86104308390023	0.0234208
59.86104308390023	59.90748299319728	0.0443592
59.90748299319728	59.953922902494334	0.0255879
59.953922902494334	60.00036281179138	0.0426631
60.00036281179138	60.04680272108843	0.059967
60.04680272108843	60.09324263038549	0.0248594
60.09324263038549	60.13968253968254	0.0135073
60.13968253968254	60.18612244897959	0.0317518
60.18612244897959	60.232562358276645	0.0742157
60.232562358276645	60.279002267573695	0.0466595
60.279002267573695	60.32544217687075	0.0305157
60.32544217687075	60.3718820861678	0.0241975
60.3718820861678	60.41832199546485	0.0353427
60.41832199546485	60.46476190476191	0.0286961
60.46476190476191	60.51120181405896	0.0347375
60.51120181405896	60.55764172335601	0.035171
60.55764172335601	60.60408163265306	0.036192
60.60408163265306	60.65052154195011	0.0428581
60.65052154195011	60.69696145124716	0.066945
60.69696145124716	60.74340136054422	0.0621448
60.74340136054422	60.78984126984127	0.0527754
60.78984126984127	60.836281179138325	0.0770468
60.836281179138325	60.882721088435375	0.0979641
60.882721088435375	60.929160997732424	0.0775485
60.929160997732424	60.97560090702948	0.0746798
60.97560090702948	61.02204081632653	0.0349452
61.02204081632653	61.06848072562358	0.05367
61.06848072562358	61.11492063492064	0.03045
61.11492063492064	61.161360544217686	0.0711011
61.161360544217686	61.207800453514736	0.0340774
61.207800453514736	61.25424036281179	0.0945361
61.25424036281179	61.30068027210884	0.0306291
61.30068027210884	61.3471201814059	0.0216645
61.3471201814059	61.39356009070295	0.0471598
61.39356009070295	61.44	0.0697701
61.44	61.486439909297054	0.0100071
61.486439909297054	61.532879818594104	0.0538266
61.532879818594104	61.57931972789115	0.0162262
61.57931972789115	61.62575963718821	0.0444107
61.62575963718821	61.67219954648526	0.0588604
61.67219954648526	61.718639455782316	0.0587387
61.718639455782316	61.765079365079366	0.0505898
61.765079365079366	61.811519274376415	0.052827
61.811519274376415	61.85795918367347	0.0436646
61.85795918367347	61.90439909297052	0.0568699
61.90439909297052	61.95083900226757	0.082325
61.95083900226757	61.99727891156463	0.0773716
61.99727891156463	62.04371882086168	0.0699579
62.04371882086168	62.09015873015873	0.0121099
62.09015873015873	62.136598639455784	0.0193106
62.136598639455784	62.18303854875283	0.00380441
62.18303854875283	62.22947845804989	0.0518659
62.22947845804989	62.27591836734694	0.0274903
62.27591836734694	62.32235827664399	0.049531
62.32235827664399	62.368798185941046	0.0220875
62.368798185941046	62.415238095238095	0.0263077
62.415238095238095	62.461678004535145	0.0260377
62.461678004535145	62.5081179138322	0.0211052
62.5081179138322	62.55455782312925	0.0514829
62.55455782312925	62.6009977324263	0.0500553
62.6009977324263	62.64743764172336	0.0605972
62.64743764172336	62.69387755102041	0.0408436
62.69387755102041	62.74031746031746	0.0148041
62.74031746031746	62.78675736961451	0.0438556
62.78675736961451	62.83319727891156	0.0356762
62.83319727891156	62.87963718820862	0.049574
62.87963718820862	62.92607709750567	0.0502688
62.92607709750567	62.97251700680272	0.0413675
62.97251700680272	63.018956916099775	0.0479903
63.018956916099775	63.065396825396824	0.0636131
63.065396825396824	63.111836734693874	0.0885661
63.111836734693874	63.15827664399093	0.0557343
63.15827664399093	63.20471655328798	0.0233924
63.20471655328798	63.25115646258504	0.0160125
63.25115646258504	63.297596371882086	0.0271746
63.297596371882086	63.344036281179136	0.0555523
63.344036281179136	63.39047619047619	0.0503166
63.39047619047619	63.43691609977324	0.0587731
63.43691609977324	63.48335600907029	0.0743489
63.48335600907029	63.52979591836735	0.0506379
63.52979591836735	63.5762358276644	0.101458
63.5762358276644	63.622675736961455	0.0616093
63.622675736961455	63.669115646258504	0.0400617
63.669115646258504	63.715555555555554	0.0140032
63.715555555555554	63.76199546485261	0.0365283
63.76199546485261	63.80843537414966	0.0380908
63.80843537414966	63.85487528344671	0.0530059
63.85487528344671	63.901315192743766	0.0429235
63.901315192743766	63.947755102040816	0.0230835
63.947755102040816	63.994195011337865	0.0318638
63.994195011337865	64.04063492063491	0.0340724
64.04063492063491	64.08707482993198	0.0430128
64.08707482993198	64.13351473922903	0.028063
64.13351473922903	64.17995464852608	0.0450454
64.17995464852608	64.22639455782313	0.0228425
64.22639455782313	64.27283446712018	0.0321295
64.27283446712018	64.31927437641724	0.0623348
64.31927437641724	64.36571428571429	0.0473545
64.36571428571429	64.41215419501134	0.0523342
64.41215419501134	64.45859410430839	0.0372355
64.45859410430839	64.50503401360544	0.0309394
64.50503401360544	64.55147392290249	0.0641988
64.55147392290249	64.59791383219955	0.0573233
64.59791383219955	64.6443537414966	0.0972652
64.6443537414966	64.69079365079365	0.0329761
64.69079365079365	64.7372335600907	0.0526154
64.7372335600907	64.78367346938775	0.0248536
64.78367346938775	64.83011337868481	0.0481225
64.83011337868481	64.87655328798186	0.0298567
64.87655328798186	64.92299319727891	0.0308875
64.92299319727891	64.96943310657596	0.0701176
64.96943310657596	65.01587301587301	0.0721035
65.01587301587301	65.06231292517006	0.0412555
65.06231292517006	65.10875283446713	0.0366477
65.10875283446713	65.15519274376418	0.026517
65.15519274376418	65.20163265306122	0.039388
65.20163265306122	65.24807256235827	0.114752
65.24807256235827	65.29451247165532	0.0426541
65.29451247165532	65.34095238095239	0.0620475
65.34095238095239	65.38739229024944	0.0520335
65.38739229024944	65.43383219954649	0.0447446
65.43383219954649	65.48027210884354	0.0544892
65.48027210884354	65.52671201814059	0.0618928
65.52671201814059	65.57315192743764	0.0331199
65.57315192743764	65.6195918367347	0.0432591
65.6195918367347	65.66603174603175	0.037742
65.66603174603175	65.7124716553288	0.0691717
65.7124716553288	65.75891156462585	0.0998429
65.75891156462585	65.8053514739229	0.106632
65.8053514739229	65.85179138321996	0.0642842
65.85179138321996	65.89823129251701	0.0319715
65.89823129251701	65.94467120181406	0.0288066
65.94467120181406	65.99111111111111	0.01822
65.99111111111111	66.03755102040816	0.0498533
66.03755102040816	66.08399092970521	0.044282
66.08399092970521	66.13043083900227	0.0378276
66.13043083900227	66.17687074829932	0.0319287
66.17687074829932	66.22331065759637	0.073345
66.22331065759637	66.26975056689342	0.0194266
66.26975056689342	66.31619047619047	0.022109
66.31619047619047	66.36263038548753	0.0280398
66.36263038548753	66.40907029478458	0.00416756
66.40907029478458	66.45551020408163	0.00911729
66.45551020408163	66.50195011337868	0.0291197
66.50195011337868	66.54839002267573	0.066441
66.54839002267573	66.59482993197278	0.0509186
66.59482993197278	66.64126984126985	0.0301579
66.64126984126985	66.6877097505669	0.0378239
66.6877097505669	66.73414965986395	0.0455401
66.73414965986395	66.780589569161	0.0244196
66.780589569161	66.82702947845804	0.0261625
66.82702947845804	66.87346938775511	0.0442169
66.87346938775511	66.91990929705216	0.0518527
66.91990929705216	66.96634920634921	0.0551219
66.96634920634921	67.01278911564626	0.0541403
67.01278911564626	67.0592290249433	0.0532494
67.0592290249433	67.10566893424036	0.0496703
67.10566893424036	67.15210884353742	0.0390894
67.15210884353742	67.19854875283447	0.0325972
67.19854875283447	67.24498866213152	0.0309108
67.24498866213152	67.29142857142857	0.0395239
67.29142857142857	67.33786848072562	0.0384669
67.33786848072562	67.38430839002268	0.0394521
67.38430839002268	67.43074829931973	0.0561836
67.43074829931973	67.47718820861678	0.0343267
67.47718820861678	67.52362811791383	0.0569253
67.52362811791383	67.57006802721088	0.0317488
67.57006802721088	67.61650793650794	0.0230611
67.61650793650794	67.662947845805	0.0303397
67.662947845805	67.70938775510204	0.0423452
67.70938775510204	67.75582766439909	0.0490442
67.75582766439909	67.80226757369614	0.0433873
67.80226757369614	67.84870748299319	0.0365666
67.84870748299319	67.89514739229026	0.0225548
67.89514739229026	67.9415873015873	0.0253891
67.9415873015873	67.98802721088435	0.0362845
67.98802721088435	68.0344671201814	0.060059
68.0344671201814	68.08090702947845	0.0478624
68.08090702947845	68.12734693877552	0.0498224
68.12734693877552	68.17378684807257	0.0349346
68.17378684807257	68.22022675736962	0.0559314
68.22022675736962	68.26666666666667	0.0384896
68.26666666666667	68.31310657596372	0.0420135
68.31310657596372	68.35954648526076	0.0209652
68.35954648526076	68.40598639455783	0.0146254
68.40598639455783	68.45242630385488	0.0223495
68.45242630385488	68.49886621315193	0.0248738
68.49886621315193	68.54530612244898	0.0420274
68.54530612244898	68.59174603174603	0.036288
68.59174603174603	68.63818594104309	0.038669
68.63818594104309	68.68462585034014	0.065881
68.68462585034014	68.73106575963719	0.0548001
68.73106575963719	68.77750566893424	0.0469719
68.77750566893424	68.82394557823129	0.035845
68.82394557823129	68.87038548752834	0.0603147
68.87038548752834	68.9168253968254	0.0694508
68.9168253968254	68.96326530612245	0.0496044
68.96326530612245	69.0097052154195	0.0501926
69.0097052154195	69.05614512471655	0.0213755
69.05614512471655	69.1025850340136	0.0460265
69.1025850340136	69.14902494331066	0.0287221
69.14902494331066	69.19546485260771	0.0406773
69.19546485260771	69.24190476190476	0.0305403
69.24190476190476	69.28834467120181	0.038874
69.28834467120181	69.33478458049886	0.0417998
69.33478458049886	69.38122448979591	0.0409467
69.38122448979591	69.42766439909298	0.036112
69.42766439909298	69.47410430839003	0.0495395
69.47410430839003	69.52054421768707	0.0660613
69.52054421768707	69.56698412698412	0.0416137
69.56698412698412	69.61342403628117	0.0479509
69.61342403628117	69.65986394557824	0.131422
69.65986394557824	69.70630385487529	0.102422
69.70630385487529	69.75274376417234	0.0488404
69.75274376417234	69.79918367346939	0.0909444
69.79918367346939	69.84562358276644	0.0676505
69.84562358276644	69.89206349206349	0.0379269
