0.0	0.046439909297052155	0.00384246
0.046439909297052155	0.09287981859410431	0.00386884
0.09287981859410431	0.13931972789115646	0.00415862
0.13931972789115646	0.18575963718820862	0.00391831
0.18575963718820862	0.23219954648526078	0.00493239
0.23219954648526078	0.2786394557823129	0.00520497
0.2786394557823129	0.3250793650793651	0.00394373
0.3250793650793651	0.37151927437641724	0.00341524
0.37151927437641724	0.4179591836734694	0.0038464
0.4179591836734694	0.46439909297052157	0.00383381
0.46439909297052157	0.5108390022675737	0.00429844
0.5108390022675737	0.5572789115646258	0.00471785
0.5572789115646258	0.603718820861678	0.00540468
0.603718820861678	0.6501587301587302	0.00442213
0.6501587301587302	0.6965986394557823	0.00345037
0.6965986394557823	0.7430385487528345	0.00477389
0.7430385487528345	0.7894784580498866	0.00978857
0.7894784580498866	0.8359183673469388	0.00603857
0.8359183673469388	0.8823582766439909	0.00351987
0.8823582766439909	0.9287981859410431	0.00393794
0.9287981859410431	0.9752380952380952	0.0038868
0.9752380952380952	1.0216780045351475	0.00555919
1.0216780045351475	1.0681179138321995	0.00418233
1.0681179138321995	1.1145578231292517	0.00404744
1.1145578231292517	1.1609977324263039	0.00432261
1.1609977324263039	1.207437641723356	0.00510455
1.207437641723356	1.253877551020408	0.0043636
1.253877551020408	1.3003174603174603	0.00519414
1.3003174603174603	1.3467573696145125	0.00368496
1.3467573696145125	1.3931972789115645	0.00408661
1.3931972789115645	1.4396371882086167	0.00364388
1.4396371882086167	1.486077097505669	0.00479626
1.486077097505669	1.5325170068027212	0.00603461
1.5325170068027212	1.5789569160997732	0.00569254
1.5789569160997732	1.6253968253968254	0.00434082
1.6253968253968254	1.6718367346938776	0.00428145
1.6718367346938776	1.7182766439909296	0.00409319
1.7182766439909296	1.7647165532879818	0.00423162
1.7647165532879818	1.811156462585034	0.00434182
1.811156462585034	1.8575963718820863	0.00352109
1.8575963718820863	1.9040362811791383	0.00392643
1.9040362811791383	1.9504761904761905	0.00485747
1.9504761904761905	1.9969160997732427	0.00433841
1.9969160997732427	2.043356009070295	0.0105427
2.043356009070295	2.089795918367347	0.00595578
2.089795918367347	2.136235827664399	0.00628021
2.136235827664399	2.182675736961451	0.00648787
2.182675736961451	2.2291156462585033	0.00681544
2.2291156462585033	2.2755555555555556	0.00672461
2.2755555555555556	2.3219954648526078	0.00596111
2.3219954648526078	2.36843537414966	0.00997115
2.36843537414966	2.414875283446712	0.0063832
2.414875283446712	2.461315192743764	0.00645975
2.461315192743764	2.507755102040816	0.00638033
2.507755102040816	2.5541950113378684	0.0057791
2.5541950113378684	2.6006349206349206	0.00943079
2.6006349206349206	2.647074829931973	0.00661808
2.647074829931973	2.693514739229025	0.00563368
2.693514739229025	2.7399546485260773	0.00662695
2.7399546485260773	2.786394557823129	0.00714332
2.786394557823129	2.8328344671201813	0.022526
2.8328344671201813	2.8792743764172335	0.0116235
2.8792743764172335	2.9257142857142857	0.00747775
2.9257142857142857	2.972154195011338	0.00561112
2.972154195011338	3.01859410430839	0.00662831
3.01859410430839	3.0650340136054424	0.00656132
3.0650340136054424	3.111473922902494	0.0058368
3.111473922902494	3.1579138321995464	0.00604081
3.1579138321995464	3.2043537414965986	0.00602099
3.2043537414965986	3.250793650793651	0.00495452
3.250793650793651	3.297233560090703	0.00428431
3.297233560090703	3.3436734693877552	0.00444507
3.3436734693877552	3.3901133786848074	0.00476574
3.3901133786848074	3.436553287981859	0.00440153
3.436553287981859	3.4829931972789114	0.00411992
3.4829931972789114	3.5294331065759637	0.00393179
3.5294331065759637	3.575873015873016	0.0535616
3.575873015873016	3.622312925170068	0.17098
3.622312925170068	3.6687528344671203	0.0769363
3.6687528344671203	3.7151927437641725	0.0520013
3.7151927437641725	3.7616326530612243	0.035105
3.7616326530612243	3.8080725623582765	0.126489
3.8080725623582765	3.8545124716553287	0.378208
3.8545124716553287	3.900952380952381	0.349019
3.900952380952381	3.947392290249433	0.247281
3.947392290249433	3.9938321995464854	0.117818
3.9938321995464854	4.040272108843538	0.0525338
4.040272108843538	4.08671201814059	0.0284679
4.08671201814059	4.133151927437642	0.0351581
4.133151927437642	4.179591836734694	0.0694347
4.179591836734694	4.2260317460317465	0.0844857
4.2260317460317465	4.272471655328798	0.0463852
4.272471655328798	4.31891156462585	0.0180985
4.31891156462585	4.365351473922902	0.00959792
4.365351473922902	4.4117913832199545	0.00525713
4.4117913832199545	4.458231292517007	0.00467744
4.458231292517007	4.504671201814059	0.00332316
4.504671201814059	4.551111111111111	0.00434454
4.551111111111111	4.597551020408163	0.00549825
4.597551020408163	4.6439909297052155	0.00405102
4.6439909297052155	4.690430839002268	0.00389327
4.690430839002268	4.73687074829932	0.00447911
4.73687074829932	4.783310657596372	0.00527042
4.783310657596372	4.829750566893424	0.043512
4.829750566893424	4.876190476190477	0.139842
4.876190476190477	4.922630385487528	0.267667
4.922630385487528	4.96907029478458	0.102795
4.96907029478458	5.015510204081632	0.19979
5.015510204081632	5.061950113378685	0.402885
5.061950113378685	5.108390022675737	0.309859
5.108390022675737	5.154829931972789	0.164924
5.154829931972789	5.201269841269841	0.0909885
5.201269841269841	5.2477097505668935	0.061518
5.2477097505668935	5.294149659863946	0.0743657
5.294149659863946	5.340589569160998	0.181928
5.340589569160998	5.38702947845805	0.053654
5.38702947845805	5.433469387755102	0.0373009
5.433469387755102	5.479909297052155	0.0797458
5.479909297052155	5.526349206349207	0.112245
5.526349206349207	5.572789115646258	0.1282
5.572789115646258	5.61922902494331	0.0549779
5.61922902494331	5.6656689342403626	0.0219385
5.6656689342403626	5.712108843537415	0.0109375
5.712108843537415	5.758548752834467	0.00891857
5.758548752834467	5.804988662131519	0.01066
5.804988662131519	5.851428571428571	0.0298186
5.851428571428571	5.897868480725624	0.0275172
5.897868480725624	5.944308390022676	0.0224105
5.944308390022676	5.990748299319728	0.0139706
5.990748299319728	6.03718820861678	0.00828296
6.03718820861678	6.0836281179138325	0.00588254
6.0836281179138325	6.130068027210885	0.00848508
6.130068027210885	6.176507936507937	0.00480903
6.176507936507937	6.222947845804988	0.00393335
6.222947845804988	6.2693877551020405	0.00417608
6.2693877551020405	6.315827664399093	0.00357951
6.315827664399093	6.362267573696145	0.00448368
6.362267573696145	6.408707482993197	0.00405389
6.408707482993197	6.455147392290249	0.00493327
6.455147392290249	6.501587301587302	0.00438044
6.501587301587302	6.548027210884354	0.00520484
6.548027210884354	6.594467120181406	0.0041185
6.594467120181406	6.640907029478458	0.00372363
6.640907029478458	6.6873469387755105	0.00317272
6.6873469387755105	6.733786848072563	0.00373024
6.733786848072563	6.780226757369615	0.00631478
6.780226757369615	6.826666666666667	0.00512332
6.826666666666667	6.873106575963718	0.00554166
6.873106575963718	6.919546485260771	0.00405255
6.919546485260771	6.965986394557823	0.00432584
6.965986394557823	7.012426303854875	0.00370154
7.012426303854875	7.058866213151927	0.00412782
7.058866213151927	7.1053061224489795	0.00416796
7.1053061224489795	7.151746031746032	0.00323561
7.151746031746032	7.198185941043084	0.00312571
7.198185941043084	7.244625850340136	0.0280052
7.244625850340136	7.291065759637188	0.0376753
7.291065759637188	7.337505668934241	0.0891124
7.337505668934241	7.383945578231293	0.0764415
7.383945578231293	7.430385487528345	0.0750925
7.430385487528345	7.476825396825397	0.241113
7.476825396825397	7.523265306122449	0.309441
7.523265306122449	7.569705215419501	0.228039
7.569705215419501	7.616145124716553	0.178244
7.616145124716553	7.662585034013605	0.214327
7.662585034013605	7.7090249433106575	0.0946084
7.7090249433106575	7.75546485260771	0.169042
7.75546485260771	7.801904761904762	0.115827
7.801904761904762	7.848344671201814	0.117179
7.848344671201814	7.894784580498866	0.130054
7.894784580498866	7.9412244897959186	0.0635853
7.9412244897959186	7.987664399092971	0.0310408
7.987664399092971	8.034104308390022	0.020429
8.034104308390022	8.080544217687075	0.0580819
8.080544217687075	8.126984126984127	0.274222
8.126984126984127	8.17342403628118	0.295266
8.17342403628118	8.219863945578231	0.112629
8.219863945578231	8.266303854875284	0.108334
8.266303854875284	8.312743764172335	0.108712
8.312743764172335	8.359183673469389	0.159289
8.359183673469389	8.40562358276644	0.121301
8.40562358276644	8.452063492063493	0.0873038
8.452063492063493	8.498503401360544	0.0397888
8.498503401360544	8.544943310657596	0.0226469
8.544943310657596	8.591383219954649	0.0149131
8.591383219954649	8.6378231292517	0.0138122
8.6378231292517	8.684263038548753	0.0633849
8.684263038548753	8.730702947845804	0.0448167
8.730702947845804	8.777142857142858	0.0369476
8.777142857142858	8.823582766439909	0.0159436
8.823582766439909	8.870022675736962	0.00931913
8.870022675736962	8.916462585034013	0.00448314
8.916462585034013	8.962902494331066	0.00317494
8.962902494331066	9.009342403628118	0.0030226
9.009342403628118	9.05578231292517	0.00269975
9.05578231292517	9.102222222222222	0.00196686
9.102222222222222	9.148662131519274	0.00258278
9.148662131519274	9.195102040816327	0.00244016
9.195102040816327	9.241541950113378	0.00240069
9.241541950113378	9.287981859410431	0.00287337
9.287981859410431	9.334421768707482	0.00300544
9.334421768707482	9.380861678004536	0.00278213
9.380861678004536	9.427301587301587	0.00285167
9.427301587301587	9.47374149659864	0.00255246
9.47374149659864	9.520181405895691	0.00304133
9.520181405895691	9.566621315192744	0.00371721
9.566621315192744	9.613061224489796	0.00359296
9.613061224489796	9.659501133786849	0.00277729
9.659501133786849	9.7059410430839	0.00278689
9.7059410430839	9.752380952380953	0.00306553
9.752380952380953	9.798820861678005	0.00538885
9.798820861678005	9.845260770975056	0.00551513
9.845260770975056	9.891700680272109	0.00457888
9.891700680272109	9.93814058956916	0.00431717
9.93814058956916	9.984580498866213	0.0038398
9.984580498866213	10.031020408163265	0.00342828
10.031020408163265	10.077460317460318	0.00322794
10.077460317460318	10.12390022675737	0.00373975
10.12390022675737	10.170340136054422	0.00381034
10.170340136054422	10.216780045351474	0.0042207
10.216780045351474	10.263219954648527	0.00373103
10.263219954648527	10.309659863945578	0.00371512
10.309659863945578	10.356099773242631	0.00411663
10.356099773242631	10.402539682539683	0.00436745
10.402539682539683	10.448979591836734	0.0029934
10.448979591836734	10.495419501133787	0.00338591
10.495419501133787	10.541859410430838	0.00378253
10.541859410430838	10.588299319727891	0.00439732
10.588299319727891	10.634739229024943	0.00521674
10.634739229024943	10.681179138321996	0.00866683
10.681179138321996	10.727619047619047	0.00977596
10.727619047619047	10.7740589569161	0.00683072
10.7740589569161	10.820498866213152	0.00886541
10.820498866213152	10.866938775510205	0.0197806
10.866938775510205	10.913378684807256	0.0161403
10.913378684807256	10.95981859410431	0.0157008
10.95981859410431	11.00625850340136	0.0298929
11.00625850340136	11.052698412698414	0.0146279
11.052698412698414	11.099138321995465	0.0465894
11.099138321995465	11.145578231292516	0.055368
11.145578231292516	11.19201814058957	0.226297
11.19201814058957	11.23845804988662	0.402122
11.23845804988662	11.284897959183674	0.313388
11.284897959183674	11.331337868480725	0.186796
11.331337868480725	11.377777777777778	0.16978
11.377777777777778	11.42421768707483	0.0619697
11.42421768707483	11.470657596371883	0.109818
11.470657596371883	11.517097505668934	0.201436
11.517097505668934	11.563537414965987	0.179662
11.563537414965987	11.609977324263038	0.106194
11.609977324263038	11.656417233560092	0.0540209
11.656417233560092	11.702857142857143	0.215596
11.702857142857143	11.749297052154194	0.382509
11.749297052154194	11.795736961451247	0.192986
11.795736961451247	11.842176870748299	0.0880754
11.842176870748299	11.888616780045352	0.0493759
11.888616780045352	11.935056689342403	0.0736764
11.935056689342403	11.981496598639456	0.165818
11.981496598639456	12.027936507936507	0.138921
12.027936507936507	12.07437641723356	0.0566488
12.07437641723356	12.120816326530612	0.0638828
12.120816326530612	12.167256235827665	0.0402581
12.167256235827665	12.213696145124716	0.0588911
12.213696145124716	12.26013605442177	0.0440224
12.26013605442177	12.30657596371882	0.0391107
12.30657596371882	12.353015873015874	0.027961
12.353015873015874	12.399455782312925	0.0214684
12.399455782312925	12.445895691609977	0.0160057
12.445895691609977	12.49233560090703	0.00733435
12.49233560090703	12.538775510204081	0.00542372
12.538775510204081	12.585215419501134	0.00375083
12.585215419501134	12.631655328798185	0.0070683
12.631655328798185	12.678095238095239	0.00608862
12.678095238095239	12.72453514739229	0.00406739
12.72453514739229	12.770975056689343	0.00355015
12.770975056689343	12.817414965986394	0.00272394
12.817414965986394	12.863854875283447	0.00292148
12.863854875283447	12.910294784580499	0.00304372
12.910294784580499	12.956734693877552	0.00323532
12.956734693877552	13.003174603174603	0.00297075
13.003174603174603	13.049614512471654	0.0034913
13.049614512471654	13.096054421768708	0.00341381
13.096054421768708	13.142494331065759	0.00344322
13.142494331065759	13.188934240362812	0.002737
13.188934240362812	13.235374149659863	0.00358927
13.235374149659863	13.281814058956916	0.00354343
13.281814058956916	13.328253968253968	0.00255291
13.328253968253968	13.374693877551021	0.00292339
13.374693877551021	13.421133786848072	0.00313579
13.421133786848072	13.467573696145125	0.00335601
13.467573696145125	13.514013605442177	0.00268641
13.514013605442177	13.56045351473923	0.00333369
13.56045351473923	13.606893424036281	0.00342037
13.606893424036281	13.653333333333334	0.00350001
13.653333333333334	13.699773242630386	0.00320537
13.699773242630386	13.746213151927437	0.00330574
13.746213151927437	13.79265306122449	0.00276574
13.79265306122449	13.839092970521541	0.00372468
13.839092970521541	13.885532879818594	0.00296587
13.885532879818594	13.931972789115646	0.00310219
13.931972789115646	13.978412698412699	0.00357594
13.978412698412699	14.02485260770975	0.00312781
14.02485260770975	14.071292517006803	0.00308973
14.071292517006803	14.117732426303855	0.00460896
14.117732426303855	14.164172335600908	0.00386964
14.164172335600908	14.210612244897959	0.00512354
14.210612244897959	14.257052154195012	0.00290409
14.257052154195012	14.303492063492063	0.00494027
14.303492063492063	14.349931972789115	0.00294466
14.349931972789115	14.396371882086168	0.00293764
14.396371882086168	14.44281179138322	0.00348257
14.44281179138322	14.489251700680272	0.00418482
14.489251700680272	14.535691609977324	0.00392832
14.535691609977324	14.582131519274377	0.00395425
14.582131519274377	14.628571428571428	0.00344078
14.628571428571428	14.675011337868481	0.00470029
14.675011337868481	14.721451247165533	0.00377181
14.721451247165533	14.767891156462586	0.00383728
14.767891156462586	14.814331065759637	0.00233852
14.814331065759637	14.86077097505669	0.00313569
14.86077097505669	14.907210884353741	0.00318629
14.907210884353741	14.953650793650795	0.0035694
14.953650793650795	15.000090702947846	0.00376836
15.000090702947846	15.046530612244897	0.00332554
15.046530612244897	15.09297052154195	0.00396134
15.09297052154195	15.139410430839002	0.00360078
15.139410430839002	15.185850340136055	0.00513047
15.185850340136055	15.232290249433106	0.00426188
15.232290249433106	15.27873015873016	0.00436188
15.27873015873016	15.32517006802721	0.00432721
15.32517006802721	15.371609977324264	0.004962
15.371609977324264	15.418049886621315	0.00567604
15.418049886621315	15.464489795918368	0.00552225
15.464489795918368	15.51092970521542	0.00496175
15.51092970521542	15.557369614512472	0.00426257
15.557369614512472	15.603809523809524	0.0051697
15.603809523809524	15.650249433106575	0.00555278
15.650249433106575	15.696689342403628	0.00466435
15.696689342403628	15.74312925170068	0.0038947
15.74312925170068	15.789569160997733	0.00424917
15.789569160997733	15.836009070294784	0.00705516
15.836009070294784	15.882448979591837	0.00593377
15.882448979591837	15.928888888888888	0.0105399
15.928888888888888	15.975328798185942	0.0092573
15.975328798185942	16.021768707482995	0.00731191
16.021768707482995	16.068208616780044	0.0103774
16.068208616780044	16.114648526077097	0.00701607
16.114648526077097	16.16108843537415	0.0081776
16.16108843537415	16.207528344671204	0.00812475
16.207528344671204	16.253968253968253	0.00941038
16.253968253968253	16.300408163265306	0.00683741
16.300408163265306	16.34684807256236	0.00767301
16.34684807256236	16.39328798185941	0.00692698
16.39328798185941	16.439727891156462	0.0103615
16.439727891156462	16.486167800453515	0.0118487
16.486167800453515	16.532607709750568	0.0106729
16.532607709750568	16.579047619047618	0.0104398
16.579047619047618	16.62548752834467	0.00755516
16.62548752834467	16.671927437641724	0.0195145
16.671927437641724	16.718367346938777	0.013244
16.718367346938777	16.764807256235827	0.00715358
16.764807256235827	16.81124716553288	0.00698823
16.81124716553288	16.857687074829933	0.00808053
16.857687074829933	16.904126984126986	0.00634345
16.904126984126986	16.950566893424035	0.00479894
16.950566893424035	16.99700680272109	0.00612959
16.99700680272109	17.04344671201814	0.0082816
17.04344671201814	17.08988662131519	0.00839048
17.08988662131519	17.136326530612244	0.0118637
17.136326530612244	17.182766439909297	0.00931118
17.182766439909297	17.22920634920635	0.00523678
17.22920634920635	17.2756462585034	0.00601683
17.2756462585034	17.322086167800453	0.00762685
17.322086167800453	17.368526077097506	0.00468887
17.368526077097506	17.41496598639456	0.00522241
17.41496598639456	17.46140589569161	0.00530972
17.46140589569161	17.507845804988662	0.00594946
17.507845804988662	17.554285714285715	0.00753694
17.554285714285715	17.600725623582765	0.00874476
17.600725623582765	17.647165532879818	0.00886564
17.647165532879818	17.69360544217687	0.0113201
17.69360544217687	17.740045351473924	0.0114471
17.740045351473924	17.786485260770974	0.0120642
17.786485260770974	17.832925170068027	0.00787337
17.832925170068027	17.87936507936508	0.00649381
17.87936507936508	17.925804988662133	0.00748901
17.925804988662133	17.972244897959182	0.0111828
17.972244897959182	18.018684807256236	0.0132659
18.018684807256236	18.06512471655329	0.0154035
18.06512471655329	18.11156462585034	0.0374389
18.11156462585034	18.15800453514739	0.0159781
18.15800453514739	18.204444444444444	0.012364
18.204444444444444	18.250884353741498	0.0225924
18.250884353741498	18.297324263038547	0.0454737
18.297324263038547	18.3437641723356	0.0374864
18.3437641723356	18.390204081632653	0.022354
18.390204081632653	18.436643990929706	0.0117729
18.436643990929706	18.483083900226756	0.0147662
18.483083900226756	18.52952380952381	0.0179231
18.52952380952381	18.575963718820862	0.00739449
18.575963718820862	18.622403628117915	0.0161229
18.622403628117915	18.668843537414965	0.0116092
18.668843537414965	18.715283446712018	0.0126806
18.715283446712018	18.76172335600907	0.00701506
18.76172335600907	18.808163265306124	0.0053137
18.808163265306124	18.854603174603174	0.00795173
18.854603174603174	18.901043083900227	0.012935
18.901043083900227	18.94748299319728	0.00579386
18.94748299319728	18.99392290249433	0.00507327
18.99392290249433	19.040362811791383	0.00521096
19.040362811791383	19.086802721088436	0.00525966
19.086802721088436	19.13324263038549	0.00377446
19.13324263038549	19.17968253968254	0.00546747
19.17968253968254	19.22612244897959	0.00443491
19.22612244897959	19.272562358276645	0.00421666
19.272562358276645	19.319002267573698	0.00456655
19.319002267573698	19.365442176870747	0.00366416
19.365442176870747	19.4118820861678	0.00557482
19.4118820861678	19.458321995464853	0.00371137
19.458321995464853	19.504761904761907	0.00707747
19.504761904761907	19.551201814058956	0.00730738
19.551201814058956	19.59764172335601	0.00534635
19.59764172335601	19.644081632653062	0.00482965
19.644081632653062	19.690521541950112	0.00704535
19.690521541950112	19.736961451247165	0.00617326
19.736961451247165	19.783401360544218	0.0054556
19.783401360544218	19.82984126984127	0.00466174
19.82984126984127	19.87628117913832	0.00562635
19.87628117913832	19.922721088435374	0.00504479
19.922721088435374	19.969160997732427	0.00584854
19.969160997732427	20.01560090702948	0.00489457
20.01560090702948	20.06204081632653	0.00632187
20.06204081632653	20.108480725623583	0.00488131
20.108480725623583	20.154920634920636	0.005364
20.154920634920636	20.201360544217685	0.00505866
20.201360544217685	20.24780045351474	0.00583986
20.24780045351474	20.29424036281179	0.00477957
20.29424036281179	20.340680272108845	0.00856757
20.340680272108845	20.387120181405894	0.00599927
20.387120181405894	20.433560090702947	0.00766884
20.433560090702947	20.48	0.00545599
20.48	20.526439909297054	0.00691302
20.526439909297054	20.572879818594103	0.00774498
20.572879818594103	20.619319727891156	0.00554285
20.619319727891156	20.66575963718821	0.0091383
20.66575963718821	20.712199546485262	0.00781819
20.712199546485262	20.758639455782312	0.00799618
20.758639455782312	20.805079365079365	0.008061
20.805079365079365	20.851519274376418	0.00771466
20.851519274376418	20.897959183673468	0.00820376
20.897959183673468	20.94439909297052	0.00876906
20.94439909297052	20.990839002267574	0.00690416
20.990839002267574	21.037278911564627	0.0372528
21.037278911564627	21.083718820861677	0.0577084
21.083718820861677	21.13015873015873	0.0405122
21.13015873015873	21.176598639455783	0.0268052
21.176598639455783	21.223038548752836	0.0144122
21.223038548752836	21.269478458049885	0.106016
21.269478458049885	21.31591836734694	0.132293
21.31591836734694	21.36235827664399	0.156879
21.36235827664399	21.408798185941045	0.106978
21.408798185941045	21.455238095238094	0.0913512
21.455238095238094	21.501678004535147	0.0677505
21.501678004535147	21.5481179138322	0.0773681
21.5481179138322	21.59455782312925	0.0763954
21.59455782312925	21.640997732426303	0.112581
21.640997732426303	21.687437641723356	0.141058
21.687437641723356	21.73387755102041	0.0828224
21.73387755102041	21.78031746031746	0.056721
21.78031746031746	21.826757369614512	0.0713029
21.826757369614512	21.873197278911565	0.105533
21.873197278911565	21.91963718820862	0.0426636
21.91963718820862	21.966077097505668	0.0161016
21.966077097505668	22.01251700680272	0.0100382
22.01251700680272	22.058956916099774	0.00672855
22.058956916099774	22.105396825396827	0.0048513
22.105396825396827	22.151836734693877	0.00484954
22.151836734693877	22.19827664399093	0.00459232
22.19827664399093	22.244716553287983	0.00439602
22.244716553287983	22.291156462585032	0.00524593
22.291156462585032	22.337596371882086	0.0037016
22.337596371882086	22.38403628117914	0.00571431
22.38403628117914	22.430476190476192	0.00471483
22.430476190476192	22.47691609977324	0.00431622
22.47691609977324	22.523356009070294	0.00474556
22.523356009070294	22.569795918367348	0.00377853
22.569795918367348	22.6162358276644	0.00459338
22.6162358276644	22.66267573696145	0.00869431
22.66267573696145	22.709115646258503	0.00567582
22.709115646258503	22.755555555555556	0.00612984
22.755555555555556	22.801995464852606	0.0053792
22.801995464852606	22.84843537414966	0.00549638
22.84843537414966	22.894875283446712	0.00634855
22.894875283446712	22.941315192743765	0.00548821
22.941315192743765	22.987755102040815	0.0068441
22.987755102040815	23.034195011337868	0.191851
23.034195011337868	23.08063492063492	0.20882
23.08063492063492	23.127074829931974	0.152364
23.127074829931974	23.173514739229024	0.364213
23.173514739229024	23.219954648526077	0.391423
23.219954648526077	23.26639455782313	0.350625
23.26639455782313	23.312834467120183	0.151074
23.312834467120183	23.359274376417233	0.0611424
23.359274376417233	23.405714285714286	0.222062
23.405714285714286	23.45215419501134	0.291271
23.45215419501134	23.49859410430839	0.282583
23.49859410430839	23.54503401360544	0.230357
23.54503401360544	23.591473922902495	0.0893064
23.591473922902495	23.637913832199548	0.0471032
23.637913832199548	23.684353741496597	0.188071
23.684353741496597	23.73079365079365	0.107681
23.73079365079365	23.777233560090703	0.1132
23.777233560090703	23.823673469387757	0.228675
23.823673469387757	23.870113378684806	0.21626
23.870113378684806	23.91655328798186	0.24867
23.91655328798186	23.962993197278912	0.0570341
23.962993197278912	24.009433106575965	0.0307566
24.009433106575965	24.055873015873015	0.0520008
24.055873015873015	24.102312925170068	0.114037
24.102312925170068	24.14875283446712	0.046914
24.14875283446712	24.19519274376417	0.0207143
24.19519274376417	24.241632653061224	0.00969703
24.241632653061224	24.288072562358277	0.00577394
24.288072562358277	24.33451247165533	0.00309582
24.33451247165533	24.38095238095238	0.00242357
24.38095238095238	24.427392290249433	0.00193514
24.427392290249433	24.473832199546486	0.00187661
24.473832199546486	24.52027210884354	0.00203399
24.52027210884354	24.56671201814059	0.0031644
24.56671201814059	24.61315192743764	0.00337066
24.61315192743764	24.659591836734695	0.00295196
24.659591836734695	24.706031746031748	0.00298517
24.706031746031748	24.752471655328797	0.0037389
24.752471655328797	24.79891156462585	0.00339329
24.79891156462585	24.845351473922904	0.00358255
24.845351473922904	24.891791383219953	0.00299598
24.891791383219953	24.938231292517006	0.00222025
24.938231292517006	24.98467120181406	0.00270703
24.98467120181406	25.031111111111112	0.00255942
25.031111111111112	25.077551020408162	0.00319747
25.077551020408162	25.123990929705215	0.0032778
25.123990929705215	25.170430839002268	0.00373511
25.170430839002268	25.21687074829932	0.00401142
25.21687074829932	25.26331065759637	0.00393841
25.26331065759637	25.309750566893424	0.00349486
25.309750566893424	25.356190476190477	0.00377233
25.356190476190477	25.402630385487527	0.00321895
25.402630385487527	25.44907029478458	0.00340095
25.44907029478458	25.495510204081633	0.00429579
25.495510204081633	25.541950113378686	0.00334988
25.541950113378686	25.588390022675735	0.00827447
25.588390022675735	25.63482993197279	0.0403695
25.63482993197279	25.68126984126984	0.0329953
25.68126984126984	25.727709750566895	0.0495993
25.727709750566895	25.774149659863944	0.14402
25.774149659863944	25.820589569160997	0.411196
25.820589569160997	25.86702947845805	0.204745
25.86702947845805	25.913469387755104	0.106176
25.913469387755104	25.959909297052153	0.0597673
25.959909297052153	26.006349206349206	0.107387
26.006349206349206	26.05278911564626	0.0848685
26.05278911564626	26.09922902494331	0.0407402
26.09922902494331	26.145668934240362	0.0368614
26.145668934240362	26.192108843537415	0.0563506
26.192108843537415	26.23854875283447	0.0343215
26.23854875283447	26.284988662131518	0.0489772
26.284988662131518	26.33142857142857	0.126059
26.33142857142857	26.377868480725624	0.143994
26.377868480725624	26.424308390022677	0.0394683
26.424308390022677	26.470748299319727	0.0222608
26.470748299319727	26.51718820861678	0.0116431
26.51718820861678	26.563628117913833	0.00786865
26.563628117913833	26.610068027210886	0.00507569
26.610068027210886	26.656507936507936	0.00370985
26.656507936507936	26.70294784580499	0.00338825
26.70294784580499	26.749387755102042	0.00321
26.749387755102042	26.79582766439909	0.00273229
26.79582766439909	26.842267573696144	0.00312135
26.842267573696144	26.888707482993198	0.00328152
26.888707482993198	26.93514739229025	0.00371527
26.93514739229025	26.9815873015873	0.00348968
26.9815873015873	27.028027210884353	0.00352394
27.028027210884353	27.074467120181406	0.00348026
27.074467120181406	27.12090702947846	0.00377777
27.12090702947846	27.16734693877551	0.00401994
27.16734693877551	27.213786848072562	0.00364083
27.213786848072562	27.260226757369615	0.00291643
27.260226757369615	27.30666666666667	0.00519285
27.30666666666667	27.353106575963718	0.00325764
27.353106575963718	27.39954648526077	0.00359774
27.39954648526077	27.445986394557824	0.00335384
27.445986394557824	27.492426303854874	0.00441197
27.492426303854874	27.538866213151927	0.0059989
27.538866213151927	27.58530612244898	0.00432236
27.58530612244898	27.631746031746033	0.00437794
27.631746031746033	27.678185941043083	0.00658531
27.678185941043083	27.724625850340136	0.00693535
27.724625850340136	27.77106575963719	0.00383354
27.77106575963719	27.817505668934242	0.00281003
27.817505668934242	27.86394557823129	0.00493817
27.86394557823129	27.910385487528345	0.00705455
27.910385487528345	27.956825396825398	0.00393862
27.956825396825398	28.003265306122447	0.00326401
28.003265306122447	28.0497052154195	0.00664278
28.0497052154195	28.096145124716553	0.00847979
28.096145124716553	28.142585034013607	0.00488986
28.142585034013607	28.189024943310656	0.00339513
28.189024943310656	28.23546485260771	0.00367382
28.23546485260771	28.281904761904762	0.00704109
28.281904761904762	28.328344671201815	0.00404452
28.328344671201815	28.374784580498865	0.00388267
28.374784580498865	28.421224489795918	0.00423935
28.421224489795918	28.46766439909297	0.010892
28.46766439909297	28.514104308390024	0.0074541
28.514104308390024	28.560544217687074	0.00447565
28.560544217687074	28.606984126984127	0.00406629
28.606984126984127	28.65342403628118	0.00998572
28.65342403628118	28.69986394557823	0.00589816
28.69986394557823	28.746303854875283	0.00413259
28.746303854875283	28.792743764172336	0.00344679
28.792743764172336	28.83918367346939	0.0111209
28.83918367346939	28.88562358276644	0.00923108
28.88562358276644	28.93206349206349	0.00593134
28.93206349206349	28.978503401360545	0.00362681
28.978503401360545	29.024943310657598	0.00827564
29.024943310657598	29.071383219954647	0.0102561
29.071383219954647	29.1178231292517	0.00627285
29.1178231292517	29.164263038548754	0.00441503
29.164263038548754	29.210702947845807	0.0125308
29.210702947845807	29.257142857142856	0.0167974
29.257142857142856	29.30358276643991	0.00524453
29.30358276643991	29.350022675736962	0.00353909
29.350022675736962	29.396462585034012	0.0086717
29.396462585034012	29.442902494331065	0.0143788
29.442902494331065	29.489342403628118	0.00461974
29.489342403628118	29.53578231292517	0.00400103
29.53578231292517	29.58222222222222	0.00835592
29.58222222222222	29.628662131519274	0.0193189
29.628662131519274	29.675102040816327	0.00660208
29.675102040816327	29.72154195011338	0.00443858
29.72154195011338	29.76798185941043	0.00416117
29.76798185941043	29.814421768707483	0.0153078
29.814421768707483	29.860861678004536	0.00868984
29.860861678004536	29.90730158730159	0.00522541
29.90730158730159	29.95374149659864	0.00346707
29.95374149659864	30.00018140589569	0.0221304
30.00018140589569	30.046621315192745	0.0113819
30.046621315192745	30.093061224489794	0.0070184
30.093061224489794	30.139501133786847	0.00391182
30.139501133786847	30.1859410430839	0.0125404
30.1859410430839	30.232380952380954	0.0065317
30.232380952380954	30.278820861678003	0.00510226
30.278820861678003	30.325260770975056	0.00605682
30.325260770975056	30.37170068027211	0.0183583
30.37170068027211	30.418140589569163	0.0153027
30.418140589569163	30.464580498866212	0.00598813
30.464580498866212	30.511020408163265	0.00430807
30.511020408163265	30.55746031746032	0.0137476
30.55746031746032	30.603900226757368	0.016064
30.603900226757368	30.65034013605442	0.00587945
30.65034013605442	30.696780045351474	0.00412913
30.696780045351474	30.743219954648527	0.0162717
30.743219954648527	30.789659863945577	0.0127248
30.789659863945577	30.83609977324263	0.00722391
30.83609977324263	30.882539682539683	0.00592224
30.882539682539683	30.928979591836736	0.00654563
30.928979591836736	30.975419501133786	0.0214351
30.975419501133786	31.02185941043084	0.00942377
31.02185941043084	31.068299319727892	0.00553956
31.068299319727892	31.114739229024945	0.00797002
31.114739229024945	31.161179138321994	0.0244029
31.161179138321994	31.207619047619048	0.0083357
31.207619047619048	31.2540589569161	0.00645749
31.2540589569161	31.30049886621315	0.003926
31.30049886621315	31.346938775510203	0.0327374
31.346938775510203	31.393378684807256	0.0186332
31.393378684807256	31.43981859410431	0.00886327
31.43981859410431	31.48625850340136	0.00517414
31.48625850340136	31.532698412698412	0.0320076
31.532698412698412	31.579138321995465	0.0158514
31.579138321995465	31.62557823129252	0.00775083
31.62557823129252	31.672018140589568	0.00490492
31.672018140589568	31.71845804988662	0.0239666
31.71845804988662	31.764897959183674	0.0244468
31.764897959183674	31.811337868480727	0.00898866
31.811337868480727	31.857777777777777	0.00364686
31.857777777777777	31.90421768707483	0.0353348
31.90421768707483	31.950657596371883	0.0318758
31.950657596371883	31.997097505668933	0.0114667
31.997097505668933	32.04353741496599	0.00642499
32.04353741496599	32.08997732426304	0.00544015
32.08997732426304	32.13641723356009	0.011404
32.13641723356009	32.182857142857145	0.0218101
32.182857142857145	32.229297052154195	0.0099172
32.229297052154195	32.275736961451244	0.00502604
32.275736961451244	32.3221768707483	0.0170734
32.3221768707483	32.36861678004535	0.0266346
32.36861678004535	32.41505668934241	0.00623066
32.41505668934241	32.46149659863946	0.00563474
32.46149659863946	32.507936507936506	0.0048367
32.507936507936506	32.55437641723356	0.0313386
32.55437641723356	32.60081632653061	0.0145808
32.60081632653061	32.64725623582766	0.00712871
32.64725623582766	32.69369614512472	0.00486502
32.69369614512472	32.74013605442177	0.0288971
32.74013605442177	32.78657596371882	0.0151863
32.78657596371882	32.833015873015874	0.00728586
32.833015873015874	32.879455782312924	0.0042354
32.879455782312924	32.92589569160998	0.0229065
32.92589569160998	32.97233560090703	0.0172613
32.97233560090703	33.01877551020408	0.00738679
33.01877551020408	33.065215419501136	0.00532196
33.065215419501136	33.111655328798186	0.0293079
33.111655328798186	33.158095238095235	0.0204068
33.158095238095235	33.20453514739229	0.0087412
33.20453514739229	33.25097505668934	0.00473111
33.25097505668934	33.29741496598639	0.0202931
33.29741496598639	33.34385487528345	0.0230082
33.34385487528345	33.3902947845805	0.00740849
33.3902947845805	33.436734693877554	0.00549761
33.436734693877554	33.483174603174604	0.0193644
33.483174603174604	33.52961451247165	0.0187282
33.52961451247165	33.57605442176871	0.00594554
33.57605442176871	33.62249433106576	0.00526609
33.62249433106576	33.66893424036281	0.00729175
33.66893424036281	33.715374149659866	0.0281713
33.715374149659866	33.761814058956915	0.0115148
33.761814058956915	33.80825396825397	0.0065516
33.80825396825397	33.85469387755102	0.00841933
33.85469387755102	33.90113378684807	0.0291621
33.90113378684807	33.94757369614513	0.0117245
33.94757369614513	33.99401360544218	0.00616327
33.99401360544218	34.04045351473923	0.00596858
34.04045351473923	34.08689342403628	0.0178621
34.08689342403628	34.13333333333333	0.00895325
34.13333333333333	34.17977324263038	0.00577016
34.17977324263038	34.22621315192744	0.00305506
34.22621315192744	34.27265306122449	0.0251717
34.27265306122449	34.319092970521545	0.0124785
34.319092970521545	34.365532879818595	0.024263
34.365532879818595	34.411972789115644	0.0448564
34.411972789115644	34.4584126984127	0.0396812
34.4584126984127	34.50485260770975	0.0338006
34.50485260770975	34.5512925170068	0.0402452
34.5512925170068	34.59773242630386	0.0563381
34.59773242630386	34.644172335600906	0.0631181
34.644172335600906	34.690612244897956	0.0784237
34.690612244897956	34.73705215419501	0.0970171
34.73705215419501	34.78349206349206	0.107727
34.78349206349206	34.82993197278912	0.150786
34.82993197278912	34.87637188208617	0.184231
34.87637188208617	34.92281179138322	0.181757
34.92281179138322	34.969251700680275	0.152612
34.969251700680275	35.015691609977324	0.129424
35.015691609977324	35.062131519274374	0.135129
35.062131519274374	35.10857142857143	0.147291
35.10857142857143	35.15501133786848	0.112002
35.15501133786848	35.20145124716553	0.182792
35.20145124716553	35.247891156462586	0.175494
35.247891156462586	35.294331065759636	0.110774
35.294331065759636	35.34077097505669	0.259654
35.34077097505669	35.38721088435374	0.205612
35.38721088435374	35.43365079365079	0.0899232
35.43365079365079	35.48009070294785	0.0937495
35.48009070294785	35.5265306122449	0.113989
35.5265306122449	35.57297052154195	0.123473
35.57297052154195	35.619410430839004	0.0923944
35.619410430839004	35.66585034013605	0.0696755
35.66585034013605	35.71229024943311	0.0961891
35.71229024943311	35.75873015873016	0.147904
35.75873015873016	35.80517006802721	0.0916367
35.80517006802721	35.851609977324266	0.0537995
35.851609977324266	35.898049886621315	0.0915025
35.898049886621315	35.944489795918365	0.0996508
35.944489795918365	35.99092970521542	0.0503164
35.99092970521542	36.03736961451247	0.0640362
36.03736961451247	36.08380952380952	0.0930249
36.08380952380952	36.13024943310658	0.104592
36.13024943310658	36.17668934240363	0.0933562
36.17668934240363	36.22312925170068	0.110207
36.22312925170068	36.26956916099773	0.0834184
36.26956916099773	36.31600907029478	0.10938
36.31600907029478	36.36244897959184	0.165279
36.36244897959184	36.40888888888889	0.143993
36.40888888888889	36.45532879818594	0.132062
36.45532879818594	36.501768707482995	0.124808
36.501768707482995	36.548208616780045	0.0999597
36.548208616780045	36.594648526077094	0.07172
36.594648526077094	36.64108843537415	0.0731779
36.64108843537415	36.6875283446712	0.101053
36.6875283446712	36.73396825396826	0.134333
36.73396825396826	36.78040816326531	0.108909
36.78040816326531	36.826848072562356	0.194006
36.826848072562356	36.87328798185941	0.169759
36.87328798185941	36.91972789115646	0.116311
36.91972789115646	36.96616780045351	0.137693
36.96616780045351	37.01260770975057	0.114971
37.01260770975057	37.05904761904762	0.10078
37.05904761904762	37.10548752834467	0.0921794
37.10548752834467	37.151927437641724	0.102734
37.151927437641724	37.198367346938774	0.225641
37.198367346938774	37.24480725623583	0.149908
37.24480725623583	37.29124716553288	0.114963
37.29124716553288	37.33768707482993	0.105853
37.33768707482993	37.384126984126986	0.173458
37.384126984126986	37.430566893424036	0.141413
37.430566893424036	37.477006802721085	0.10954
37.477006802721085	37.52344671201814	0.135055
37.52344671201814	37.56988662131519	0.15885
37.56988662131519	37.61632653061225	0.165792
37.61632653061225	37.6627664399093	0.132786
37.6627664399093	37.70920634920635	0.123918
37.70920634920635	37.755646258503404	0.0971079
37.755646258503404	37.802086167800454	0.100986
37.802086167800454	37.8485260770975	0.123511
37.8485260770975	37.89496598639456	0.126186
37.89496598639456	37.94140589569161	0.105811
37.94140589569161	37.98784580498866	0.173303
37.98784580498866	38.034285714285716	0.115863
38.034285714285716	38.080725623582765	0.0933362
38.080725623582765	38.12716553287982	0.0862148
38.12716553287982	38.17360544217687	0.0691985
38.17360544217687	38.22004535147392	0.0649858
38.22004535147392	38.26648526077098	0.0634352
38.26648526077098	38.31292517006803	0.0565635
38.31292517006803	38.35936507936508	0.0980354
38.35936507936508	38.40580498866213	0.0571642
38.40580498866213	38.45224489795918	0.067716
38.45224489795918	38.49868480725623	0.087074
38.49868480725623	38.54512471655329	0.106382
38.54512471655329	38.59156462585034	0.0982474
38.59156462585034	38.638004535147395	0.140901
38.638004535147395	38.684444444444445	0.14016
38.684444444444445	38.730884353741494	0.168609
38.730884353741494	38.77732426303855	0.119587
38.77732426303855	38.8237641723356	0.0816387
38.8237641723356	38.87020408163265	0.119595
38.87020408163265	38.91664399092971	0.163993
38.91664399092971	38.963083900226756	0.174214
38.963083900226756	39.00952380952381	0.166685
39.00952380952381	39.05596371882086	0.1095
39.05596371882086	39.10240362811791	0.121434
39.10240362811791	39.14884353741497	0.0912725
39.14884353741497	39.19528344671202	0.0715868
39.19528344671202	39.24172335600907	0.0596246
39.24172335600907	39.288163265306125	0.0945335
39.288163265306125	39.334603174603174	0.102579
39.334603174603174	39.381043083900224	0.0921182
39.381043083900224	39.42748299319728	0.0726789
39.42748299319728	39.47392290249433	0.0812637
39.47392290249433	39.52036281179139	0.0832585
39.52036281179139	39.566802721088436	0.0585608
39.566802721088436	39.613242630385486	0.0844376
39.613242630385486	39.65968253968254	0.182194
39.65968253968254	39.70612244897959	0.319318
39.70612244897959	39.75256235827664	0.311776
39.75256235827664	39.7990022675737	0.260143
39.7990022675737	39.84544217687075	0.122502
39.84544217687075	39.8918820861678	0.083138
39.8918820861678	39.938321995464854	0.0578548
39.938321995464854	39.9847619047619	0.126285
39.9847619047619	40.03120181405896	0.336165
40.03120181405896	40.07764172335601	0.118815
40.07764172335601	40.12408163265306	0.0805901
40.12408163265306	40.170521541950116	0.0647424
40.170521541950116	40.216961451247165	0.0570626
40.216961451247165	40.263401360544215	0.0476265
40.263401360544215	40.30984126984127	0.0386245
40.30984126984127	40.35628117913832	0.0386927
40.35628117913832	40.40272108843537	0.0346117
40.40272108843537	40.44916099773243	0.0288015
40.44916099773243	40.49560090702948	0.0261624
40.49560090702948	40.542040816326534	0.0228096
40.542040816326534	40.58848072562358	0.020365
40.58848072562358	40.63492063492063	0.0207004
40.63492063492063	40.68136054421769	0.0177454
40.68136054421769	40.72780045351474	0.0187701
40.72780045351474	40.77424036281179	0.0161731
40.77424036281179	40.820680272108845	0.017412
40.820680272108845	40.867120181405895	0.017742
40.867120181405895	40.91356009070295	0.0165117
40.91356009070295	40.96	0.0168248
40.96	41.00643990929705	0.0193725
41.00643990929705	41.05287981859411	0.0196901
41.05287981859411	41.09931972789116	0.0162845
41.09931972789116	41.145759637188206	0.0175361
41.145759637188206	41.19219954648526	0.0193075
41.19219954648526	41.23863945578231	0.0106686
41.23863945578231	41.28507936507936	0.0112507
41.28507936507936	41.33151927437642	0.0225335
41.33151927437642	41.37795918367347	0.0315679
41.37795918367347	41.424399092970525	0.0320462
41.424399092970525	41.470839002267574	0.0398946
41.470839002267574	41.517278911564624	0.279428
41.517278911564624	41.56371882086168	0.174263
41.56371882086168	41.61015873015873	0.0751799
41.61015873015873	41.65659863945578	0.0499691
41.65659863945578	41.703038548752836	0.031817
41.703038548752836	41.749478458049886	0.0382486
41.749478458049886	41.795918367346935	0.0341593
41.795918367346935	41.84235827664399	0.025531
41.84235827664399	41.88879818594104	0.031086
41.88879818594104	41.9352380952381	0.0310845
41.9352380952381	41.98167800453515	0.0524596
41.98167800453515	42.0281179138322	0.028954
42.0281179138322	42.074557823129254	0.0386473
42.074557823129254	42.120997732426304	0.0242876
42.120997732426304	42.16743764172335	0.0146579
42.16743764172335	42.21387755102041	0.0382468
42.21387755102041	42.26031746031746	0.0310138
42.26031746031746	42.30675736961451	0.0297596
42.30675736961451	42.353197278911566	0.0457363
42.353197278911566	42.399637188208615	0.0372512
42.399637188208615	42.44607709750567	0.039385
42.44607709750567	42.49251700680272	0.0347735
42.49251700680272	42.53895691609977	0.039593
42.53895691609977	42.58539682539683	0.0468078
42.58539682539683	42.63183673469388	0.0426426
42.63183673469388	42.67827664399093	0.0274399
42.67827664399093	42.72471655328798	0.0174435
42.72471655328798	42.77115646258503	0.0168446
42.77115646258503	42.81759637188209	0.0176118
42.81759637188209	42.86403628117914	0.0203915
42.86403628117914	42.91047619047619	0.0236431
42.91047619047619	42.956916099773245	0.0211312
42.956916099773245	43.003356009070295	0.0228826
43.003356009070295	43.049795918367344	0.0271773
43.049795918367344	43.0962358276644	0.0264312
43.0962358276644	43.14267573696145	0.0188367
43.14267573696145	43.1891156462585	0.0220322
43.1891156462585	43.23555555555556	0.0182467
43.23555555555556	43.281995464852606	0.0135556
43.281995464852606	43.32843537414966	0.0135924
43.32843537414966	43.37487528344671	0.0157028
43.37487528344671	43.42131519274376	0.0167722
43.42131519274376	43.46775510204082	0.017312
43.46775510204082	43.51419501133787	0.0175444
43.51419501133787	43.56063492063492	0.0167473
43.56063492063492	43.607074829931975	0.0141739
43.607074829931975	43.653514739229024	0.0111093
43.653514739229024	43.699954648526074	0.0104357
43.699954648526074	43.74639455782313	0.0117937
43.74639455782313	43.79283446712018	0.0441957
43.79283446712018	43.83927437641724	0.0576423
43.83927437641724	43.885714285714286	0.0606181
43.885714285714286	43.932154195011336	0.0728921
43.932154195011336	43.97859410430839	0.0750461
43.97859410430839	44.02503401360544	0.0479661
44.02503401360544	44.07147392290249	0.23997
44.07147392290249	44.11791383219955	0.122685
44.11791383219955	44.1643537414966	0.0690236
44.1643537414966	44.210793650793654	0.0824765
44.210793650793654	44.257233560090704	0.0449999
44.257233560090704	44.30367346938775	0.0300682
44.30367346938775	44.35011337868481	0.04661
44.35011337868481	44.39655328798186	0.049029
44.39655328798186	44.44299319727891	0.054732
44.44299319727891	44.489433106575966	0.0512488
44.489433106575966	44.535873015873015	0.039126
44.535873015873015	44.582312925170065	0.0421535
44.582312925170065	44.62875283446712	0.0394604
44.62875283446712	44.67519274376417	0.0397069
44.67519274376417	44.72163265306123	0.0314461
44.72163265306123	44.76807256235828	0.0278228
44.76807256235828	44.81451247165533	0.04333
44.81451247165533	44.860952380952384	0.0502209
44.860952380952384	44.90739229024943	0.0552312
44.90739229024943	44.95383219954648	0.0535713
44.95383219954648	45.00027210884354	0.0474021
45.00027210884354	45.04671201814059	0.0654561
45.04671201814059	45.09315192743764	0.0625809
45.09315192743764	45.139591836734695	0.0643654
45.139591836734695	45.186031746031745	0.0660653
45.186031746031745	45.2324716553288	0.0434066
45.2324716553288	45.27891156462585	0.0375195
45.27891156462585	45.3253514739229	0.0409721
45.3253514739229	45.37179138321996	0.0372362
45.37179138321996	45.41823129251701	0.0282753
45.41823129251701	45.464671201814056	0.0315364
45.464671201814056	45.51111111111111	0.0268982
45.51111111111111	45.55755102040816	0.0326537
45.55755102040816	45.60399092970521	0.0356269
45.60399092970521	45.65043083900227	0.0460614
45.65043083900227	45.69687074829932	0.0468042
45.69687074829932	45.743310657596375	0.0489702
45.743310657596375	45.789750566893424	0.0469877
45.789750566893424	45.836190476190474	0.0450658
45.836190476190474	45.88263038548753	0.0390494
45.88263038548753	45.92907029478458	0.0374623
45.92907029478458	45.97551020408163	0.0342144
45.97551020408163	46.021950113378686	0.0586134
46.021950113378686	46.068390022675736	0.0671004
46.068390022675736	46.11482993197279	0.0403444
46.11482993197279	46.16126984126984	0.0338531
46.16126984126984	46.20770975056689	0.0307552
46.20770975056689	46.25414965986395	0.0308363
46.25414965986395	46.300589569161	0.0654671
46.300589569161	46.34702947845805	0.0706735
46.34702947845805	46.393469387755104	0.0597096
46.393469387755104	46.439909297052154	0.0344979
46.439909297052154	46.4863492063492	0.0279048
46.4863492063492	46.53278911564626	0.0565837
46.53278911564626	46.57922902494331	0.0663486
46.57922902494331	46.625668934240366	0.0625801
46.625668934240366	46.672108843537416	0.0728918
46.672108843537416	46.718548752834465	0.0667684
46.718548752834465	46.76498866213152	0.0787016
46.76498866213152	46.81142857142857	0.0974283
46.81142857142857	46.85786848072562	0.0827322
46.85786848072562	46.90430839002268	0.0881935
46.90430839002268	46.95074829931973	0.0672155
46.95074829931973	46.99718820861678	0.0655225
46.99718820861678	47.04362811791383	0.051982
47.04362811791383	47.09006802721088	0.0570078
47.09006802721088	47.13650793650794	0.0695341
47.13650793650794	47.18294784580499	0.0670927
47.18294784580499	47.22938775510204	0.0576125
47.22938775510204	47.275827664399095	0.0442571
47.275827664399095	47.322267573696145	0.0522494
47.322267573696145	47.368707482993194	0.0500161
47.368707482993194	47.41514739229025	0.0419206
47.41514739229025	47.4615873015873	0.0314809
47.4615873015873	47.50802721088435	0.042928
47.50802721088435	47.55446712018141	0.0314468
47.55446712018141	47.600907029478456	0.0362547
47.600907029478456	47.64734693877551	0.0384502
47.64734693877551	47.69378684807256	0.0546651
47.69378684807256	47.74022675736961	0.0546724
47.74022675736961	47.78666666666667	0.0463222
47.78666666666667	47.83310657596372	0.0502045
47.83310657596372	47.87954648526077	0.0510203
47.87954648526077	47.925986394557825	0.0578499
47.925986394557825	47.972426303854874	0.0478754
47.972426303854874	48.01886621315193	0.0596646
48.01886621315193	48.06530612244898	0.042845
48.06530612244898	48.11174603174603	0.0421419
48.11174603174603	48.15818594104309	0.0383097
48.15818594104309	48.204625850340136	0.0586348
48.204625850340136	48.251065759637186	0.0683108
48.251065759637186	48.29750566893424	0.0697443
48.29750566893424	48.34394557823129	0.065369
48.34394557823129	48.39038548752834	0.0593406
48.39038548752834	48.4368253968254	0.0537085
48.4368253968254	48.48326530612245	0.0437693
48.48326530612245	48.529705215419504	0.037447
48.529705215419504	48.576145124716554	0.0359178
48.576145124716554	48.6225850340136	0.030195
48.6225850340136	48.66902494331066	0.0311514
48.66902494331066	48.71546485260771	0.0272912
48.71546485260771	48.76190476190476	0.0279174
48.76190476190476	48.808344671201816	0.0678581
48.808344671201816	48.854784580498865	0.0763448
48.854784580498865	48.901224489795915	0.00385691
48.901224489795915	48.94766439909297	0.00417837
48.94766439909297	48.99410430839002	0.0048919
48.99410430839002	49.04054421768708	0.00361092
49.04054421768708	49.08698412698413	0.0242328
49.08698412698413	49.13342403628118	0.0071455
49.13342403628118	49.179863945578234	0.00646876
49.179863945578234	49.22630385487528	0.00961572
49.22630385487528	49.27274376417233	0.00517082
49.27274376417233	49.31918367346939	0.00481363
49.31918367346939	49.36562358276644	0.00754521
49.36562358276644	49.412063492063496	0.00572964
49.412063492063496	49.458503401360545	0.00402439
49.458503401360545	49.504943310657595	0.00388193
49.504943310657595	49.55138321995465	0.00280649
49.55138321995465	49.5978231292517	0.00379481
49.5978231292517	49.64426303854875	0.00364328
49.64426303854875	49.69070294784581	0.00319666
49.69070294784581	49.73714285714286	0.00304205
49.73714285714286	49.783582766439906	0.00345235
49.783582766439906	49.83002267573696	0.00362613
49.83002267573696	49.87646258503401	0.00412806
49.87646258503401	49.92290249433107	0.00418556
49.92290249433107	49.96934240362812	0.00691295
49.96934240362812	50.01578231292517	0.0286338
50.01578231292517	50.062222222222225	0.0151487
50.062222222222225	50.108662131519274	0.00847644
50.108662131519274	50.155102040816324	0.00718451
50.155102040816324	50.20154195011338	0.0070395
50.20154195011338	50.24798185941043	0.00529029
50.24798185941043	50.29442176870748	0.00521293
50.29442176870748	50.340861678004536	0.00484178
50.340861678004536	50.387301587301586	0.00469522
50.387301587301586	50.43374149659864	0.00341968
50.43374149659864	50.48018140589569	0.00322617
50.48018140589569	50.52662131519274	0.00411827
50.52662131519274	50.5730612244898	0.00633822
50.5730612244898	50.61950113378685	0.0108393
50.61950113378685	50.6659410430839	0.00609945
50.6659410430839	50.712380952380954	0.0127947
50.712380952380954	50.758820861678004	0.0142194
50.758820861678004	50.80526077097505	0.011058
50.80526077097505	50.85170068027211	0.00959033
50.85170068027211	50.89814058956916	0.0150358
50.89814058956916	50.944580498866216	0.0101448
50.944580498866216	50.991020408163266	0.00835716
50.991020408163266	51.037460317460315	0.00474782
51.037460317460315	51.08390022675737	0.00530953
51.08390022675737	51.13034013605442	0.00833463
51.13034013605442	51.17678004535147	0.0560109
51.17678004535147	51.22321995464853	0.0828788
51.22321995464853	51.26965986394558	0.0413129
51.26965986394558	51.316099773242634	0.0132456
51.316099773242634	51.36253968253968	0.0150096
51.36253968253968	51.40897959183673	0.00878239
51.40897959183673	51.45541950113379	0.00798608
51.45541950113379	51.50185941043084	0.00413099
51.50185941043084	51.54829931972789	0.0234707
51.54829931972789	51.594739229024945	0.0128782
51.594739229024945	51.641179138321995	0.00494142
51.641179138321995	51.687619047619044	0.00562508
51.687619047619044	51.7340589569161	0.00849191
51.7340589569161	51.78049886621315	0.0037881
51.78049886621315	51.82693877551021	0.0028354
51.82693877551021	51.87337868480726	0.00332482
51.87337868480726	51.919818594104306	0.00376183
51.919818594104306	51.96625850340136	0.00313954
51.96625850340136	52.01269841269841	0.00328928
52.01269841269841	52.05913832199546	0.00414814
52.05913832199546	52.10557823129252	0.00390695
52.10557823129252	52.15201814058957	0.00344944
52.15201814058957	52.19845804988662	0.0039065
52.19845804988662	52.244897959183675	0.00511363
52.244897959183675	52.291337868480724	0.0034908
52.291337868480724	52.33777777777778	0.00451121
52.33777777777778	52.38421768707483	0.00310002
52.38421768707483	52.43065759637188	0.0032899
52.43065759637188	52.47709750566894	0.00417091
52.47709750566894	52.523537414965986	0.00415592
52.523537414965986	52.569977324263036	0.00301771
52.569977324263036	52.61641723356009	0.00570569
52.61641723356009	52.66285714285714	0.00438936
52.66285714285714	52.70929705215419	0.0469175
52.70929705215419	52.75573696145125	0.0171896
52.75573696145125	52.8021768707483	0.0503666
52.8021768707483	52.848616780045354	0.0161896
52.848616780045354	52.895056689342404	0.00826829
52.895056689342404	52.94149659863945	0.00687301
52.94149659863945	52.98793650793651	0.00618677
52.98793650793651	53.03437641723356	0.00608372
53.03437641723356	53.08081632653061	0.00462577
53.08081632653061	53.127256235827666	0.00413817
53.127256235827666	53.173696145124715	0.00384863
53.173696145124715	53.22013605442177	0.00409862
53.22013605442177	53.26657596371882	0.00351302
53.26657596371882	53.31301587301587	0.00326279
53.31301587301587	53.35945578231293	0.00415391
53.35945578231293	53.40589569160998	0.00518132
53.40589569160998	53.45233560090703	0.00458628
53.45233560090703	53.498775510204084	0.00463248
53.498775510204084	53.54521541950113	0.00377552
53.54521541950113	53.59165532879818	0.0041755
53.59165532879818	53.63809523809524	0.00374974
53.63809523809524	53.68453514739229	0.00420884
53.68453514739229	53.730975056689346	0.00422955
53.730975056689346	53.777414965986395	0.0135166
53.777414965986395	53.823854875283445	0.00719776
53.823854875283445	53.8702947845805	0.00541389
53.8702947845805	53.91673469387755	0.0194361
53.91673469387755	53.9631746031746	0.00693252
53.9631746031746	54.00961451247166	0.00405536
54.00961451247166	54.05605442176871	0.00978015
54.05605442176871	54.102494331065756	0.00556194
54.102494331065756	54.14893424036281	0.00485488
54.14893424036281	54.19537414965986	0.00456278
54.19537414965986	54.24181405895692	0.00425972
54.24181405895692	54.28825396825397	0.00355765
54.28825396825397	54.33469387755102	0.00442031
54.33469387755102	54.381133786848075	0.00400564
54.381133786848075	54.427573696145124	0.00377912
54.427573696145124	54.474013605442174	0.00379779
54.474013605442174	54.52045351473923	0.00370778
54.52045351473923	54.56689342403628	0.00470124
54.56689342403628	54.61333333333334	0.00412636
54.61333333333334	54.659773242630386	0.00620269
54.659773242630386	54.706213151927436	0.00528227
54.706213151927436	54.75265306122449	0.00428913
54.75265306122449	54.79909297052154	0.00565525
54.79909297052154	54.84553287981859	0.0109161
54.84553287981859	54.89197278911565	0.00813063
54.89197278911565	54.9384126984127	0.00511729
54.9384126984127	54.98485260770975	0.00510988
54.98485260770975	55.031292517006804	0.00565096
55.031292517006804	55.077732426303854	0.00360118
55.077732426303854	55.12417233560091	0.00536553
55.12417233560091	55.17061224489796	0.00538637
55.17061224489796	55.21705215419501	0.004286
55.21705215419501	55.263492063492066	0.00424846
55.263492063492066	55.309931972789116	0.0043064
55.309931972789116	55.356371882086165	0.00428507
55.356371882086165	55.40281179138322	0.00450819
55.40281179138322	55.44925170068027	0.00416635
55.44925170068027	55.49569160997732	0.00405909
55.49569160997732	55.54213151927438	0.00500228
55.54213151927438	55.58857142857143	0.00518182
55.58857142857143	55.635011337868484	0.00442738
55.635011337868484	55.68145124716553	0.00694737
55.68145124716553	55.72789115646258	0.00481435
55.72789115646258	55.77433106575964	0.00425747
55.77433106575964	55.82077097505669	0.00396197
55.82077097505669	55.86721088435374	0.0048395
55.86721088435374	55.913650793650795	0.00411142
55.913650793650795	55.960090702947845	0.00306132
55.960090702947845	56.006530612244894	0.00353329
56.006530612244894	56.05297052154195	0.00436787
56.05297052154195	56.099410430839	0.00320922
56.099410430839	56.14585034013606	0.00473385
56.14585034013606	56.19229024943311	0.0040582
56.19229024943311	56.23873015873016	0.00494919
56.23873015873016	56.28517006802721	0.00498569
56.28517006802721	56.33160997732426	0.00473474
56.33160997732426	56.37804988662131	0.00444612
56.37804988662131	56.42448979591837	0.00443207
56.42448979591837	56.47092970521542	0.00376539
56.47092970521542	56.517369614512475	0.00554887
56.517369614512475	56.563809523809525	0.00481667
56.563809523809525	56.610249433106574	0.00411314
56.610249433106574	56.65668934240363	0.0050952
56.65668934240363	56.70312925170068	0.00412006
56.70312925170068	56.74956916099773	0.00486127
56.74956916099773	56.79600907029479	0.00559028
56.79600907029479	56.842448979591836	0.00415359
56.842448979591836	56.888888888888886	0.00388787
56.888888888888886	56.93532879818594	0.00393447
56.93532879818594	56.98176870748299	0.00569718
56.98176870748299	57.02820861678005	0.00438308
57.02820861678005	57.0746485260771	0.00443508
57.0746485260771	57.12108843537415	0.00449697
57.12108843537415	57.167528344671204	0.00353943
57.167528344671204	57.213968253968254	0.00469034
57.213968253968254	57.2604081632653	0.00650653
57.2604081632653	57.30684807256236	0.00559571
57.30684807256236	57.35328798185941	0.0039943
57.35328798185941	57.39972789115646	0.00374213
57.39972789115646	57.446167800453516	0.0043442
57.446167800453516	57.492607709750565	0.00500576
57.492607709750565	57.53904761904762	0.00476283
57.53904761904762	57.58548752834467	0.00454855
57.58548752834467	57.63192743764172	0.00387948
57.63192743764172	57.67836734693878	0.00457588
57.67836734693878	57.72480725623583	0.00551651
57.72480725623583	57.77124716553288	0.00463759
57.77124716553288	57.817687074829934	0.00417315
57.817687074829934	57.86412698412698	0.00380822
57.86412698412698	57.91056689342403	0.00400059
57.91056689342403	57.95700680272109	0.00556546
57.95700680272109	58.00344671201814	0.00505855
58.00344671201814	58.049886621315196	0.00421837
58.049886621315196	58.096326530612245	0.00340584
58.096326530612245	58.142766439909295	0.0041651
58.142766439909295	58.18920634920635	0.00474687
58.18920634920635	58.2356462585034	0.00484664
58.2356462585034	58.28208616780045	0.00435112
58.28208616780045	58.32852607709751	0.00384068
58.32852607709751	58.37496598639456	0.00502748
58.37496598639456	58.42140589569161	0.00638778
58.42140589569161	58.46784580498866	0.00731348
58.46784580498866	58.51428571428571	0.00744811
58.51428571428571	58.56072562358277	0.00616749
58.56072562358277	58.60716553287982	0.0070573
58.60716553287982	58.65360544217687	0.00759972
58.65360544217687	58.700045351473925	0.00760882
58.700045351473925	58.746485260770974	0.00766098
58.746485260770974	58.792925170068024	0.00680839
58.792925170068024	58.83936507936508	0.00760897
58.83936507936508	58.88580498866213	0.00728959
58.88580498866213	58.93224489795919	0.00752827
58.93224489795919	58.978684807256236	0.00483944
58.978684807256236	59.025124716553286	0.00386335
59.025124716553286	59.07156462585034	0.00410488
59.07156462585034	59.11800453514739	0.00514499
59.11800453514739	59.16444444444444	0.00531743
59.16444444444444	59.2108843537415	0.00560466
59.2108843537415	59.25732426303855	0.00437176
59.25732426303855	59.3037641723356	0.00375718
59.3037641723356	59.350204081632654	0.00474839
59.350204081632654	59.396643990929704	0.00584717
59.396643990929704	59.44308390022676	0.00470213
59.44308390022676	59.48952380952381	0.00389249
59.48952380952381	59.53596371882086	0.00473661
59.53596371882086	59.582403628117916	0.00435485
59.582403628117916	59.628843537414966	0.00378947
59.628843537414966	59.675283446712015	0.00474751
59.675283446712015	59.72172335600907	0.00425997
59.72172335600907	59.76816326530612	0.00359496
59.76816326530612	59.81460317460318	0.00360923
59.81460317460318	59.86104308390023	0.00463595
59.86104308390023	59.90748299319728	0.00347285
59.90748299319728	59.953922902494334	0.00424858
59.953922902494334	60.00036281179138	0.00387165
60.00036281179138	60.04680272108843	0.00352274
60.04680272108843	60.09324263038549	0.00476945
60.09324263038549	60.13968253968254	0.00548382
60.13968253968254	60.18612244897959	0.00417031
60.18612244897959	60.232562358276645	0.00295059
60.232562358276645	60.279002267573695	0.00382918
60.279002267573695	60.32544217687075	0.00508007
60.32544217687075	60.3718820861678	0.0045549
60.3718820861678	60.41832199546485	0.0041943
60.41832199546485	60.46476190476191	0.00481184
60.46476190476191	60.51120181405896	0.00413
60.51120181405896	60.55764172335601	0.00426165
60.55764172335601	60.60408163265306	0.00505729
60.60408163265306	60.65052154195011	0.00617432
60.65052154195011	60.69696145124716	0.00685967
60.69696145124716	60.74340136054422	0.0077118
60.74340136054422	60.78984126984127	0.00858583
60.78984126984127	60.836281179138325	0.00861464
60.836281179138325	60.882721088435375	0.00628874
60.882721088435375	60.929160997732424	0.00490076
60.929160997732424	60.97560090702948	0.0036466
60.97560090702948	61.02204081632653	0.00399924
61.02204081632653	61.06848072562358	0.0035701
61.06848072562358	61.11492063492064	0.00474372
61.11492063492064	61.161360544217686	0.00351845
61.161360544217686	61.207800453514736	0.00382577
61.207800453514736	61.25424036281179	0.00417633
61.25424036281179	61.30068027210884	0.00424785
61.30068027210884	61.3471201814059	0.00504794
61.3471201814059	61.39356009070295	0.00518752
61.39356009070295	61.44	0.00409923
61.44	61.486439909297054	0.00734946
61.486439909297054	61.532879818594104	0.00500135
61.532879818594104	61.57931972789115	0.00613544
61.57931972789115	61.62575963718821	0.00444796
61.62575963718821	61.67219954648526	0.00455202
61.67219954648526	61.718639455782316	0.00443942
61.718639455782316	61.765079365079366	0.00459438
61.765079365079366	61.811519274376415	0.00564265
61.811519274376415	61.85795918367347	0.00488019
61.85795918367347	61.90439909297052	0.00417315
61.90439909297052	61.95083900226757	0.00354901
61.95083900226757	61.99727891156463	0.00335055
61.99727891156463	62.04371882086168	0.00739968
62.04371882086168	62.09015873015873	0.0137519
62.09015873015873	62.136598639455784	0.0116585
62.136598639455784	62.18303854875283	0.0603215
62.18303854875283	62.22947845804989	0.0346742
62.22947845804989	62.27591836734694	0.0159582
62.27591836734694	62.32235827664399	0.00793032
62.32235827664399	62.368798185941046	0.00519428
62.368798185941046	62.415238095238095	0.00404525
62.415238095238095	62.461678004535145	0.00409837
62.461678004535145	62.5081179138322	0.00460447
62.5081179138322	62.55455782312925	0.00403189
62.55455782312925	62.6009977324263	0.00394339
62.6009977324263	62.64743764172336	0.00337936
62.64743764172336	62.69387755102041	0.00334435
62.69387755102041	62.74031746031746	0.00482784
62.74031746031746	62.78675736961451	0.00339968
62.78675736961451	62.83319727891156	0.00441462
62.83319727891156	62.87963718820862	0.00450775
62.87963718820862	62.92607709750567	0.00418287
62.92607709750567	62.97251700680272	0.00568063
62.97251700680272	63.018956916099775	0.00473895
63.018956916099775	63.065396825396824	0.00419899
63.065396825396824	63.111836734693874	0.00376378
63.111836734693874	63.15827664399093	0.0042591
63.15827664399093	63.20471655328798	0.0051493
63.20471655328798	63.25115646258504	0.00517583
63.25115646258504	63.297596371882086	0.00440763
63.297596371882086	63.344036281179136	0.0032189
63.344036281179136	63.39047619047619	0.00353137
63.39047619047619	63.43691609977324	0.00330166
63.43691609977324	63.48335600907029	0.00355448
63.48335600907029	63.52979591836735	0.00383325
63.52979591836735	63.5762358276644	0.00321084
63.5762358276644	63.622675736961455	0.00290109
63.622675736961455	63.669115646258504	0.00379814
63.669115646258504	63.715555555555554	0.00511124
63.715555555555554	63.76199546485261	0.00390165
63.76199546485261	63.80843537414966	0.00409791
63.80843537414966	63.85487528344671	0.00338993
63.85487528344671	63.901315192743766	0.00392345
63.901315192743766	63.947755102040816	0.0040756
63.947755102040816	63.994195011337865	0.0043794
63.994195011337865	64.04063492063491	0.00455284
64.04063492063491	64.08707482993198	0.00349576
64.08707482993198	64.13351473922903	0.00408335
64.13351473922903	64.17995464852608	0.00367262
64.17995464852608	64.22639455782313	0.00498411
64.22639455782313	64.27283446712018	0.00489554
64.27283446712018	64.31927437641724	0.00371604
64.31927437641724	64.36571428571429	0.00409151
64.36571428571429	64.41215419501134	0.0043361
64.41215419501134	64.45859410430839	0.0040566
64.45859410430839	64.50503401360544	0.00452452
64.50503401360544	64.55147392290249	0.00331105
64.55147392290249	64.59791383219955	0.00326314
64.59791383219955	64.6443537414966	0.00427989
64.6443537414966	64.69079365079365	0.00461036
64.69079365079365	64.7372335600907	0.00387166
64.7372335600907	64.78367346938775	0.00423329
64.78367346938775	64.83011337868481	0.00428537
64.83011337868481	64.87655328798186	0.00414479
64.87655328798186	64.92299319727891	0.00545456
64.92299319727891	64.96943310657596	0.00390647
64.96943310657596	65.01587301587301	0.00335745
65.01587301587301	65.06231292517006	0.00405331
65.06231292517006	65.10875283446713	0.00382355
65.10875283446713	65.15519274376418	0.00495767
65.15519274376418	65.20163265306122	0.0042817
65.20163265306122	65.24807256235827	0.00340927
65.24807256235827	65.29451247165532	0.00568263
65.29451247165532	65.34095238095239	0.00544381
65.34095238095239	65.38739229024944	0.00564322
65.38739229024944	65.43383219954649	0.00603892
65.43383219954649	65.48027210884354	0.00568999
65.48027210884354	65.52671201814059	0.00548232
65.52671201814059	65.57315192743764	0.00555401
65.57315192743764	65.6195918367347	0.00463345
65.6195918367347	65.66603174603175	0.00516963
65.66603174603175	65.7124716553288	0.00377879
65.7124716553288	65.75891156462585	0.00330737
65.75891156462585	65.8053514739229	0.00296172
65.8053514739229	65.85179138321996	0.0042705
65.85179138321996	65.89823129251701	0.0475109
65.89823129251701	65.94467120181406	0.0226276
65.94467120181406	65.99111111111111	0.0118419
65.99111111111111	66.03755102040816	0.00657189
66.03755102040816	66.08399092970521	0.00550595
66.08399092970521	66.13043083900227	0.00545594
66.13043083900227	66.17687074829932	0.00655497
66.17687074829932	66.22331065759637	0.00472454
66.22331065759637	66.26975056689342	0.0595736
66.26975056689342	66.31619047619047	0.017557
66.31619047619047	66.36263038548753	0.0677149
66.36263038548753	66.40907029478458	0.0497882
66.40907029478458	66.45551020408163	0.0263802
66.45551020408163	66.50195011337868	0.125474
66.50195011337868	66.54839002267573	0.107965
66.54839002267573	66.59482993197278	0.280987
66.59482993197278	66.64126984126985	0.100166
66.64126984126985	66.6877097505669	0.0389664
66.6877097505669	66.73414965986395	0.0149081
66.73414965986395	66.780589569161	0.00800508
66.780589569161	66.82702947845804	0.00627007
66.82702947845804	66.87346938775511	0.00458275
66.87346938775511	66.91990929705216	0.00389306
66.91990929705216	66.96634920634921	0.00411372
66.96634920634921	67.01278911564626	0.00348986
67.01278911564626	67.0592290249433	0.00424134
67.0592290249433	67.10566893424036	0.00460783
67.10566893424036	67.15210884353742	0.00467092
67.15210884353742	67.19854875283447	0.00605152
67.19854875283447	67.24498866213152	0.00652033
67.24498866213152	67.29142857142857	0.00683653
67.29142857142857	67.33786848072562	0.00719949
67.33786848072562	67.38430839002268	0.00645014
67.38430839002268	67.43074829931973	0.00615534
67.43074829931973	67.47718820861678	0.00629073
67.47718820861678	67.52362811791383	0.00577085
67.52362811791383	67.57006802721088	0.0095908
67.57006802721088	67.61650793650794	0.0115754
67.61650793650794	67.662947845805	0.00674719
67.662947845805	67.70938775510204	0.00538257
67.70938775510204	67.75582766439909	0.00510689
67.75582766439909	67.80226757369614	0.00590578
67.80226757369614	67.84870748299319	0.00595677
67.84870748299319	67.89514739229026	0.00669245
67.89514739229026	67.9415873015873	0.00614751
67.9415873015873	67.98802721088435	0.00767356
67.98802721088435	68.0344671201814	0.00575723
68.0344671201814	68.08090702947845	0.00557053
68.08090702947845	68.12734693877552	0.00703871
68.12734693877552	68.17378684807257	0.00644131
68.17378684807257	68.22022675736962	0.0048244
68.22022675736962	68.26666666666667	0.00467487
68.26666666666667	68.31310657596372	0.00449354
68.31310657596372	68.35954648526076	0.0102778
68.35954648526076	68.40598639455783	0.0159918
68.40598639455783	68.45242630385488	0.0150715
68.45242630385488	68.49886621315193	0.00838235
68.49886621315193	68.54530612244898	0.00646334
68.54530612244898	68.59174603174603	0.00548849
68.59174603174603	68.63818594104309	0.00487907
68.63818594104309	68.68462585034014	0.00425981
68.68462585034014	68.73106575963719	0.00454767
68.73106575963719	68.77750566893424	0.00452679
68.77750566893424	68.82394557823129	0.00494732
68.82394557823129	68.87038548752834	0.00509923
68.87038548752834	68.9168253968254	0.00382908
68.9168253968254	68.96326530612245	0.00473444
68.96326530612245	69.0097052154195	0.00506304
69.0097052154195	69.05614512471655	0.00637638
69.05614512471655	69.1025850340136	0.00535467
69.1025850340136	69.14902494331066	0.0061409
69.14902494331066	69.19546485260771	0.00519879
69.19546485260771	69.24190476190476	0.00544367
69.24190476190476	69.28834467120181	0.00427768
69.28834467120181	69.33478458049886	0.00388151
69.33478458049886	69.38122448979591	0.00369653
69.38122448979591	69.42766439909298	0.00410919
69.42766439909298	69.47410430839003	0.00434293
69.47410430839003	69.52054421768707	0.00354706
69.52054421768707	69.56698412698412	0.00455089
69.56698412698412	69.61342403628117	0.00368185
69.61342403628117	69.65986394557824	0.00368406
69.65986394557824	69.70630385487529	0.00560013
69.70630385487529	69.75274376417234	0.00446728
69.75274376417234	69.79918367346939	0.00386934
69.79918367346939	69.84562358276644	0.00309172
69.84562358276644	69.89206349206349	0.00399786
