0.0	0.18575963718820862	0.00402715
0.18575963718820862	0.37151927437641724	0.00444445
0.37151927437641724	0.5572789115646258	0.00382493
0.5572789115646258	0.7430385487528345	0.00470201
0.7430385487528345	0.9287981859410431	0.00646799
0.9287981859410431	1.1145578231292517	0.0044192
1.1145578231292517	1.3003174603174603	0.0043011
1.3003174603174603	1.486077097505669	0.00437895
1.486077097505669	1.6718367346938776	0.00528504
1.6718367346938776	1.8575963718820863	0.00421153
1.8575963718820863	2.043356009070295	0.00415245
2.043356009070295	2.2291156462585033	0.00734293
2.2291156462585033	2.414875283446712	0.00734409
2.414875283446712	2.6006349206349206	0.00647292
2.6006349206349206	2.786394557823129	0.00720326
2.786394557823129	2.972154195011338	0.0136328
2.972154195011338	3.1579138321995464	0.00644734
3.1579138321995464	3.3436734693877552	0.00550441
3.3436734693877552	3.5294331065759637	0.00443907
3.5294331065759637	3.7151927437641725	0.0948061
3.7151927437641725	3.900952380952381	0.140586
3.900952380952381	4.08671201814059	0.266976
4.08671201814059	4.272471655328798	0.0559271
4.272471655328798	4.458231292517007	0.0338808
4.458231292517007	4.6439909297052155	0.00457374
4.6439909297052155	4.829750566893424	0.0042488
4.829750566893424	5.015510204081632	0.15706
5.015510204081632	5.201269841269841	0.283397
5.201269841269841	5.38702947845805	0.10538
5.38702947845805	5.572789115646258	0.0904174
5.572789115646258	5.758548752834467	0.0806338
5.758548752834467	5.944308390022676	0.0201504
5.944308390022676	6.130068027210885	0.0161648
6.130068027210885	6.315827664399093	0.00584559
6.315827664399093	6.501587301587302	0.00409474
6.501587301587302	6.6873469387755105	0.00464011
6.6873469387755105	6.873106575963718	0.00459211
6.873106575963718	7.058866213151927	0.00463239
7.058866213151927	7.244625850340136	0.00370409
7.244625850340136	7.430385487528345	0.0568696
7.430385487528345	7.616145124716553	0.219384
7.616145124716553	7.801904761904762	0.171115
7.801904761904762	7.987664399092971	0.129316
7.987664399092971	8.17342403628118	0.0758883
8.17342403628118	8.359183673469389	0.207297
8.359183673469389	8.544943310657596	0.120883
8.544943310657596	8.730702947845804	0.0283186
8.730702947845804	8.916462585034013	0.0390411
8.916462585034013	9.102222222222222	0.00456303
9.102222222222222	9.287981859410431	0.00239848
9.287981859410431	9.47374149659864	0.00279316
9.47374149659864	9.659501133786849	0.00318673
9.659501133786849	9.845260770975056	0.00306403
9.845260770975056	10.031020408163265	0.00500386
10.031020408163265	10.216780045351474	0.00358482
10.216780045351474	10.402539682539683	0.00385467
10.402539682539683	10.588299319727891	0.00374722
10.588299319727891	10.7740589569161	0.00683591
10.7740589569161	10.95981859410431	0.0132104
10.95981859410431	11.145578231292516	0.0208953
11.145578231292516	11.331337868480725	0.256989
11.331337868480725	11.517097505668934	0.174018
11.517097505668934	11.702857142857143	0.154649
11.702857142857143	11.888616780045352	0.242587
11.888616780045352	12.07437641723356	0.113505
12.07437641723356	12.26013605442177	0.066539
12.26013605442177	12.445895691609977	0.040403
12.445895691609977	12.631655328798185	0.0113186
12.631655328798185	12.817414965986394	0.00541819
12.817414965986394	13.003174603174603	0.00304318
13.003174603174603	13.188934240362812	0.00318938
13.188934240362812	13.374693877551021	0.00333066
13.374693877551021	13.56045351473923	0.00294543
13.56045351473923	13.746213151927437	0.00342281
13.746213151927437	13.931972789115646	0.00318105
13.931972789115646	14.117732426303855	0.003248
14.117732426303855	14.303492063492063	0.00416931
14.303492063492063	14.489251700680272	0.00367287
14.489251700680272	14.675011337868481	0.00388749
14.675011337868481	14.86077097505669	0.00384023
14.86077097505669	15.046530612244897	0.00316795
15.046530612244897	15.232290249433106	0.0040351
15.232290249433106	15.418049886621315	0.00452904
15.418049886621315	15.603809523809524	0.00514185
15.603809523809524	15.789569160997733	0.00491277
15.789569160997733	15.975328798185942	0.00635663
15.975328798185942	16.16108843537415	0.00914994
16.16108843537415	16.34684807256236	0.0082
16.34684807256236	16.532607709750568	0.00839258
16.532607709750568	16.718367346938777	0.01111
16.718367346938777	16.904126984126986	0.0118433
16.904126984126986	17.08988662131519	0.00663983
17.08988662131519	17.2756462585034	0.00923121
17.2756462585034	17.46140589569161	0.00605851
17.46140589569161	17.647165532879818	0.00611976
17.647165532879818	17.832925170068027	0.0112225
17.832925170068027	18.018684807256236	0.00804138
18.018684807256236	18.204444444444444	0.0223361
18.204444444444444	18.390204081632653	0.0297035
18.390204081632653	18.575963718820862	0.0215496
18.575963718820862	18.76172335600907	0.0116308
18.76172335600907	18.94748299319728	0.00980294
18.94748299319728	19.13324263038549	0.00634034
19.13324263038549	19.319002267573698	0.00466068
19.319002267573698	19.504761904761907	0.00443106
19.504761904761907	19.690521541950112	0.00619132
19.690521541950112	19.87628117913832	0.00589233
19.87628117913832	20.06204081632653	0.0052826
20.06204081632653	20.24780045351474	0.00549529
20.24780045351474	20.433560090702947	0.00631206
20.433560090702947	20.619319727891156	0.00643935
20.619319727891156	20.805079365079365	0.00831835
20.805079365079365	20.990839002267574	0.00824898
20.990839002267574	21.176598639455783	0.0383981
21.176598639455783	21.36235827664399	0.0708432
21.36235827664399	21.5481179138322	0.11884
21.5481179138322	21.73387755102041	0.099125
21.73387755102041	21.91963718820862	0.0865939
21.91963718820862	22.105396825396827	0.039421
22.105396825396827	22.291156462585032	0.00480072
22.291156462585032	22.47691609977324	0.00483534
22.47691609977324	22.66267573696145	0.00437065
22.66267573696145	22.84843537414966	0.00646907
22.84843537414966	23.034195011337868	0.00579015
23.034195011337868	23.219954648526077	0.192174
23.219954648526077	23.405714285714286	0.312115
23.405714285714286	23.591473922902495	0.252014
23.591473922902495	23.777233560090703	0.132049
23.777233560090703	23.962993197278912	0.204946
23.962993197278912	24.14875283446712	0.0752078
24.14875283446712	24.33451247165533	0.0441371
24.33451247165533	24.52027210884354	0.00312635
24.52027210884354	24.706031746031748	0.00275376
24.706031746031748	24.891791383219953	0.00340204
24.891791383219953	25.077551020408162	0.00282694
25.077551020408162	25.26331065759637	0.00346551
25.26331065759637	25.44907029478458	0.00363066
25.44907029478458	25.63482993197279	0.00416921
25.63482993197279	25.820589569160997	0.047601
25.820589569160997	26.006349206349206	0.24539
26.006349206349206	26.192108843537415	0.0762534
26.192108843537415	26.377868480725624	0.0538263
26.377868480725624	26.563628117913833	0.0926113
26.563628117913833	26.749387755102042	0.00624064
26.749387755102042	26.93514739229025	0.00318092
26.93514739229025	27.12090702947846	0.00348502
27.12090702947846	27.30666666666667	0.00368949
27.30666666666667	27.492426303854874	0.00381738
27.492426303854874	27.678185941043083	0.00486471
27.678185941043083	27.86394557823129	0.00542254
27.86394557823129	28.0497052154195	0.00488412
28.0497052154195	28.23546485260771	0.00614554
28.23546485260771	28.421224489795918	0.00487597
28.421224489795918	28.606984126984127	0.0072455
28.606984126984127	28.792743764172336	0.00642931
28.792743764172336	28.978503401360545	0.00794477
28.978503401360545	29.164263038548754	0.00759441
29.164263038548754	29.350022675736962	0.0108918
29.350022675736962	29.53578231292517	0.00901855
29.53578231292517	29.72154195011338	0.0112201
29.72154195011338	29.90730158730159	0.00934051
29.90730158730159	30.093061224489794	0.0126915
30.093061224489794	30.278820861678003	0.00829206
30.278820861678003	30.464580498866212	0.0121567
30.464580498866212	30.65034013605442	0.0109338
30.65034013605442	30.83609977324263	0.0112015
30.83609977324263	31.02185941043084	0.01073
31.02185941043084	31.207619047619048	0.0138517
31.207619047619048	31.393378684807256	0.0131458
31.393378684807256	31.579138321995465	0.020393
31.579138321995465	31.764897959183674	0.0149724
31.764897959183674	31.950657596371883	0.0179972
31.950657596371883	32.13641723356009	0.0243652
32.13641723356009	32.3221768707483	0.0135747
32.3221768707483	32.507936507936506	0.0164111
32.507936507936506	32.69369614512472	0.0177534
32.69369614512472	32.879455782312924	0.0168205
32.879455782312924	33.065215419501136	0.0149623
33.065215419501136	33.25097505668934	0.0184461
33.25097505668934	33.436734693877554	0.0159975
33.436734693877554	33.62249433106576	0.0141842
33.62249433106576	33.80825396825397	0.0159642
33.80825396825397	33.99401360544218	0.0163863
33.99401360544218	34.17977324263038	0.0110418
34.17977324263038	34.365532879818595	0.014517
34.365532879818595	34.5512925170068	0.034167
34.5512925170068	34.73705215419501	0.0569411
34.73705215419501	34.92281179138322	0.120904
34.92281179138322	35.10857142857143	0.158103
35.10857142857143	35.294331065759636	0.157709
35.294331065759636	35.48009070294785	0.186081
35.48009070294785	35.66585034013605	0.10697
35.66585034013605	35.851609977324266	0.106634
35.851609977324266	36.03736961451247	0.0782671
36.03736961451247	36.22312925170068	0.0841493
36.22312925170068	36.40888888888889	0.109705
36.40888888888889	36.594648526077094	0.137302
36.594648526077094	36.78040816326531	0.0916639
36.78040816326531	36.96616780045351	0.153404
36.96616780045351	37.151927437641724	0.116902
37.151927437641724	37.33768707482993	0.154641
37.33768707482993	37.52344671201814	0.135733
37.52344671201814	37.70920634920635	0.148194
37.70920634920635	37.89496598639456	0.110872
37.89496598639456	38.080725623582765	0.133491
38.080725623582765	38.26648526077098	0.0846124
38.26648526077098	38.45224489795918	0.0715207
38.45224489795918	38.638004535147395	0.0872879
38.638004535147395	38.8237641723356	0.141586
38.8237641723356	39.00952380952381	0.132205
39.00952380952381	39.19528344671202	0.13607
39.19528344671202	39.381043083900224	0.0795342
39.381043083900224	39.566802721088436	0.0879194
39.566802721088436	39.75256235827664	0.161559
39.75256235827664	39.938321995464854	0.238876
39.938321995464854	40.12408163265306	0.190498
40.12408163265306	40.30984126984127	0.0686255
40.30984126984127	40.49560090702948	0.0382274
40.49560090702948	40.68136054421769	0.0234834
40.68136054421769	40.867120181405895	0.0178061
40.867120181405895	41.05287981859411	0.0174098
41.05287981859411	41.23863945578231	0.0185025
41.23863945578231	41.424399092970525	0.0193178
41.424399092970525	41.61015873015873	0.162416
41.61015873015873	41.795918367346935	0.0627757
41.795918367346935	41.98167800453515	0.031098
41.98167800453515	42.16743764172335	0.0393617
42.16743764172335	42.353197278911566	0.0287576
42.353197278911566	42.53895691609977	0.0393766
42.53895691609977	42.72471655328798	0.0402623
42.72471655328798	42.91047619047619	0.0186548
42.91047619047619	43.0962358276644	0.0230995
43.0962358276644	43.281995464852606	0.0229383
43.281995464852606	43.46775510204082	0.0147219
43.46775510204082	43.653514739229024	0.0168513
43.653514739229024	43.83927437641724	0.0165553
43.83927437641724	44.02503401360544	0.0647271
44.02503401360544	44.210793650793654	0.14086
44.210793650793654	44.39655328798186	0.0572725
44.39655328798186	44.582312925170065	0.051158
44.582312925170065	44.76807256235828	0.0391674
44.76807256235828	44.95383219954648	0.0429599
44.95383219954648	45.139591836734695	0.0572168
45.139591836734695	45.3253514739229	0.0561809
45.3253514739229	45.51111111111111	0.0359178
45.51111111111111	45.69687074829932	0.0318591
45.69687074829932	45.88263038548753	0.0484397
45.88263038548753	46.068390022675736	0.03971
46.068390022675736	46.25414965986395	0.049825
46.25414965986395	46.439909297052154	0.0570764
46.439909297052154	46.625668934240366	0.0466816
46.625668934240366	46.81142857142857	0.0698663
46.81142857142857	46.99718820861678	0.0848519
46.99718820861678	47.18294784580499	0.0609252
47.18294784580499	47.368707482993194	0.0584697
47.368707482993194	47.55446712018141	0.0433032
47.55446712018141	47.74022675736961	0.0386653
47.74022675736961	47.925986394557825	0.0522049
47.925986394557825	48.11174603174603	0.0530842
48.11174603174603	48.29750566893424	0.050061
48.29750566893424	48.48326530612245	0.0644755
48.48326530612245	48.66902494331066	0.039349
48.66902494331066	48.854784580498865	0.037422
48.854784580498865	49.04054421768708	0.0442163
49.04054421768708	49.22630385487528	0.0129378
49.22630385487528	49.412063492063496	0.00686328
49.412063492063496	49.5978231292517	0.00523849
49.5978231292517	49.783582766439906	0.00339555
49.783582766439906	49.96934240362812	0.0037174
49.96934240362812	50.155102040816324	0.0169997
50.155102040816324	50.340861678004536	0.00639931
50.340861678004536	50.52662131519274	0.00435329
50.52662131519274	50.712380952380954	0.00707985
50.712380952380954	50.89814058956916	0.0120135
50.89814058956916	51.08390022675737	0.0103655
51.08390022675737	51.26965986394558	0.0412021
51.26965986394558	51.45541950113379	0.0370325
51.45541950113379	51.641179138321995	0.0138939
51.641179138321995	51.82693877551021	0.00682933
51.82693877551021	52.01269841269841	0.00332186
52.01269841269841	52.19845804988662	0.00367207
52.19845804988662	52.38421768707483	0.00421313
52.38421768707483	52.569977324263036	0.00369277
52.569977324263036	52.75573696145125	0.019918
52.75573696145125	52.94149659863945	0.0309534
52.94149659863945	53.127256235827666	0.00610831
53.127256235827666	53.31301587301587	0.0039842
53.31301587301587	53.498775510204084	0.00431579
53.498775510204084	53.68453514739229	0.004163
53.68453514739229	53.8702947845805	0.00811287
53.8702947845805	54.05605442176871	0.0109105
54.05605442176871	54.24181405895692	0.006543
54.24181405895692	54.427573696145124	0.00406482
54.427573696145124	54.61333333333334	0.00387075
54.61333333333334	54.79909297052154	0.00515502
54.79909297052154	54.98485260770975	0.00768085
54.98485260770975	55.17061224489796	0.00510579
55.17061224489796	55.356371882086165	0.00452772
55.356371882086165	55.54213151927438	0.00440217
55.54213151927438	55.72789115646258	0.00490254
55.72789115646258	55.913650793650795	0.00500714
55.913650793650795	56.099410430839	0.00393404
56.099410430839	56.28517006802721	0.00416757
56.28517006802721	56.47092970521542	0.00472759
56.47092970521542	56.65668934240363	0.00460471
56.65668934240363	56.842448979591836	0.00479812
56.842448979591836	57.02820861678005	0.0045574
57.02820861678005	57.213968253968254	0.00441698
57.213968253968254	57.39972789115646	0.0052619
57.39972789115646	57.58548752834467	0.00437264
57.58548752834467	57.77124716553288	0.00461992
57.77124716553288	57.95700680272109	0.00431449
57.95700680272109	58.142766439909295	0.00470096
58.142766439909295	58.32852607709751	0.00438785
58.32852607709751	58.51428571428571	0.00554035
58.51428571428571	58.700045351473925	0.0068921
58.700045351473925	58.88580498866213	0.00745885
58.88580498866213	59.07156462585034	0.006562
59.07156462585034	59.25732426303855	0.00480808
59.25732426303855	59.44308390022676	0.00472302
59.44308390022676	59.628843537414966	0.00471654
59.628843537414966	59.81460317460318	0.0042532
59.81460317460318	60.00036281179138	0.00384312
60.00036281179138	60.18612244897959	0.00432878
60.18612244897959	60.3718820861678	0.00412439
60.3718820861678	60.55764172335601	0.00460197
60.55764172335601	60.74340136054422	0.0053396
60.74340136054422	60.929160997732424	0.00794278
60.929160997732424	61.11492063492064	0.00438035
61.11492063492064	61.30068027210884	0.00411654
61.30068027210884	61.486439909297054	0.00456455
61.486439909297054	61.67219954648526	0.00583058
61.67219954648526	61.85795918367347	0.00459689
61.85795918367347	62.04371882086168	0.00437252
62.04371882086168	62.22947845804989	0.0240149
62.22947845804989	62.415238095238095	0.0285103
62.415238095238095	62.6009977324263	0.00447843
62.6009977324263	62.78675736961451	0.00359622
62.78675736961451	62.97251700680272	0.00432659
62.97251700680272	63.15827664399093	0.00467492
63.15827664399093	63.344036281179136	0.0047671
63.344036281179136	63.52979591836735	0.00341375
63.52979591836735	63.715555555555554	0.00342017
63.715555555555554	63.901315192743766	0.00426078
63.901315192743766	64.08707482993198	0.00407057
64.08707482993198	64.27283446712018	0.00421083
64.27283446712018	64.45859410430839	0.00408435
64.45859410430839	64.6443537414966	0.00408006
64.6443537414966	64.83011337868481	0.00424549
64.83011337868481	65.01587301587301	0.00443741
65.01587301587301	65.20163265306122	0.00398974
65.20163265306122	65.38739229024944	0.00472676
65.38739229024944	65.57315192743764	0.00566933
65.57315192743764	65.75891156462585	0.00502912
65.75891156462585	65.94467120181406	0.0114185
65.94467120181406	66.13043083900227	0.0249581
66.13043083900227	66.31619047619047	0.0272114
66.31619047619047	66.50195011337868	0.0463115
66.50195011337868	66.6877097505669	0.168872
66.6877097505669	66.87346938775511	0.0329321
66.87346938775511	67.0592290249433	0.00411056
67.0592290249433	67.24498866213152	0.00450665
67.24498866213152	67.43074829931973	0.00686408
67.43074829931973	67.61650793650794	0.00619783
67.61650793650794	67.80226757369614	0.0084801
67.80226757369614	67.98802721088435	0.00612825
67.98802721088435	68.17378684807257	0.00652999
68.17378684807257	68.35954648526076	0.00539211
68.35954648526076	68.54530612244898	0.0125784
68.54530612244898	68.73106575963719	0.00591429
68.73106575963719	68.9168253968254	0.0047091
68.9168253968254	69.1025850340136	0.00495381
69.1025850340136	69.28834467120181	0.00563069
69.28834467120181	69.47410430839003	0.00416817
69.47410430839003	69.65986394557824	0.0040759
69.65986394557824	69.84562358276644	0.00441416
69.84562358276644	70.03138321995465	0.00402521
